64,192,1058,5,0,0:0:0:0:
320,192,1058,1,0,0:0:0:0:
448,192,1058,1,0,0:0:0:0:
192,192,1260,1,0,0:0:0:0:
320,192,1328,1,0,0:0:0:0:
448,192,1328,1,0,0:0:0:0:
192,192,1463,1,0,0:0:0:0:
448,192,1733,1,0,0:0:0:0:
320,192,1868,1,0,0:0:0:0:
192,192,2003,1,0,0:0:0:0:
64,192,2138,1,0,0:0:0:0:
192,192,2138,1,0,0:0:0:0:
320,192,2340,1,0,0:0:0:0:
192,192,2408,1,0,0:0:0:0:
64,192,2408,1,0,0:0:0:0:
448,192,2543,1,0,0:0:0:0:
320,192,2678,1,0,0:0:0:0:
64,192,2678,1,0,0:0:0:0:
192,192,2813,1,0,0:0:0:0:
448,192,2948,1,0,0:0:0:0:
192,192,2948,1,0,0:0:0:0:
64,192,3218,1,0,0:0:0:0:
192,192,3218,1,0,0:0:0:0:
448,192,3218,1,0,0:0:0:0:
320,192,3420,1,0,0:0:0:0:
192,192,3488,1,0,0:0:0:0:
64,192,3488,1,0,0:0:0:0:
320,192,3623,1,0,0:0:0:0:
64,192,3893,1,0,0:0:0:0:
192,192,4028,1,0,0:0:0:0:
320,192,4163,1,0,0:0:0:0:
448,192,4298,1,0,0:0:0:0:
64,192,4298,1,0,0:0:0:0:
192,192,4500,1,0,0:0:0:0:
320,192,4568,1,0,0:0:0:0:
448,192,4568,1,0,0:0:0:0:
64,192,4703,1,0,0:0:0:0:
448,192,4838,1,0,0:0:0:0:
320,192,4905,1,0,0:0:0:0:
192,192,4973,1,8,0:0:0:0:
64,192,4973,1,0,0:0:0:0:
192,192,5006,1,8,0:0:0:0:
64,192,5006,1,0,0:0:0:0:
64,192,5040,1,0,0:0:0:0:
192,192,5040,1,8,0:0:0:0:
192,192,5074,1,8,0:0:0:0:
64,192,5074,1,0,0:0:0:0:
320,192,5108,1,0,0:0:0:0:
448,192,5108,1,0,0:0:0:0:
64,192,5243,1,0,0:0:0:0:
192,192,5378,1,0,0:0:0:0:
320,192,5378,1,0,0:0:0:0:
448,192,5378,1,0,0:0:0:0:
192,192,5580,1,0,0:0:0:0:
64,192,5648,1,0,0:0:0:0:
320,192,5648,1,0,0:0:0:0:
320,192,5850,1,0,0:0:0:0:
448,192,6053,1,0,0:0:0:0:
192,192,6188,1,0,0:0:0:0:
64,192,6188,1,0,0:0:0:0:
320,192,6323,1,0,0:0:0:0:
448,192,6458,1,0,0:0:0:0:
192,192,6458,1,0,0:0:0:0:
64,192,6660,1,0,0:0:0:0:
320,192,6660,1,0,0:0:0:0:
192,192,6863,1,0,0:0:0:0:
320,192,6863,1,0,0:0:0:0:
448,192,6998,1,0,0:0:0:0:
320,192,6998,1,0,0:0:0:0:
64,192,6998,1,0,0:0:0:0:
192,192,7133,1,0,0:0:0:0:
320,192,7268,1,0,0:0:0:0:
448,192,7268,1,0,0:0:0:0:
64,192,7403,1,0,0:0:0:0:
192,192,7538,1,0,0:0:0:0:
320,192,7538,1,0,0:0:0:0:
448,192,7538,1,0,0:0:0:0:
64,192,7740,1,0,0:0:0:0:
320,192,7808,1,0,0:0:0:0:
448,192,7808,1,0,0:0:0:0:
192,192,7943,1,0,0:0:0:0:
64,192,8078,1,0,0:0:0:0:
192,192,8078,1,0,0:0:0:0:
448,192,8078,1,0,0:0:0:0:
320,192,8213,1,0,0:0:0:0:
192,192,8348,1,0,0:0:0:0:
64,192,8348,1,0,0:0:0:0:
320,192,8483,1,0,0:0:0:0:
448,192,8618,1,0,0:0:0:0:
320,192,8618,1,0,0:0:0:0:
192,192,8618,1,0,0:0:0:0:
64,192,8753,1,0,0:0:0:0:
192,192,8786,1,0,0:0:0:0:
320,192,8820,1,0,0:0:0:0:
448,192,8854,1,0,0:0:0:0:
448,192,8888,1,0,0:0:0:0:
320,192,8888,1,0,0:0:0:0:
192,192,8888,1,0,0:0:0:0:
64,192,8888,1,8,0:0:0:0:
448,192,9023,1,0,0:0:0:0:
320,192,9056,1,0,0:0:0:0:
192,192,9090,1,0,0:0:0:0:
64,192,9124,1,0,0:0:0:0:
192,192,9158,1,0,0:0:0:0:
320,192,9158,1,0,0:0:0:0:
64,192,9158,1,0,0:0:0:0:
448,192,9158,1,8,0:0:0:0:
448,192,9293,1,0,0:0:0:0:
320,192,9360,1,0,0:0:0:0:
192,192,9428,1,0,0:0:0:0:
64,192,9495,1,0,0:0:0:0:
192,192,9563,1,0,0:0:0:0:
320,192,9630,1,0,0:0:0:0:
448,192,9698,1,0,0:0:0:0:
320,192,9698,1,8,0:0:0:0:
448,192,9833,1,0,0:0:0:0:
448,192,9968,1,0,0:0:0:0:
320,192,9968,1,0,0:0:0:0:
192,192,9968,1,0,0:0:0:0:
64,192,9968,1,8,0:0:0:0:
448,192,10103,1,0,0:0:0:0:
448,192,10238,1,0,0:0:0:0:
320,192,10238,1,8,0:0:0:0:
448,192,10373,1,0,0:0:0:0:
448,192,10508,1,0,0:0:0:0:
64,192,10508,1,8,0:0:0:0:
192,192,10508,1,0,0:0:0:0:
320,192,10508,1,0,0:0:0:0:
448,192,10643,1,0,0:0:0:0:
192,192,10778,1,8,0:0:0:0:
320,192,10778,1,0,0:0:0:0:
320,192,10913,1,0,0:0:0:0:
320,192,11048,1,0,0:0:0:0:
192,192,11048,1,0,0:0:0:0:
64,192,11048,1,8,0:0:0:0:
448,192,11048,1,0,0:0:0:0:
320,192,11183,1,0,0:0:0:0:
320,192,11318,1,8,0:0:0:0:
192,192,11318,1,0,0:0:0:0:
320,192,11453,1,0,0:0:0:0:
64,192,11588,1,0,0:0:0:0:
192,192,11588,1,8,0:0:0:0:
320,192,11588,1,0,0:0:0:0:
448,192,11588,1,0,0:0:0:0:
192,192,11723,1,8,0:0:0:0:
64,192,11723,1,0,0:0:0:0:
64,192,11858,1,8,0:0:0:0:
192,192,11858,1,0,0:0:0:0:
448,192,11858,1,0,0:0:0:0:
448,192,11858,1,0,0:0:0:0:
320,192,11858,1,0,0:0:0:0:
64,192,11993,1,0,0:0:0:0:
64,192,12128,1,0,0:0:0:0:
192,192,12128,1,8,0:0:0:0:
320,192,12128,1,0,0:0:0:0:
448,192,12128,1,0,0:0:0:0:
64,192,12263,1,0,0:0:0:0:
64,192,12398,1,0,0:0:0:0:
192,192,12398,1,8,0:0:0:0:
64,192,12533,1,0,0:0:0:0:
64,192,12668,1,0,0:0:0:0:
192,192,12668,1,0,0:0:0:0:
320,192,12668,1,0,0:0:0:0:
448,192,12668,1,8,0:0:0:0:
64,192,12803,1,0,0:0:0:0:
192,192,12938,1,8,0:0:0:0:
320,192,12938,1,0,0:0:0:0:
192,192,13073,1,0,0:0:0:0:
192,192,13208,1,8,0:0:0:0:
320,192,13208,1,0,0:0:0:0:
448,192,13208,1,0,0:0:0:0:
64,192,13208,1,0,0:0:0:0:
192,192,13343,1,0,0:0:0:0:
192,192,13478,1,8,0:0:0:0:
320,192,13478,1,0,0:0:0:0:
448,192,13478,1,0,0:0:0:0:
448,192,13613,1,0,0:0:0:0:
64,192,13680,1,0,0:0:0:0:
192,192,13680,1,0,0:0:0:0:
320,192,13680,1,8,0:0:0:0:
64,192,13815,1,0,0:0:0:0:
192,192,13883,1,0,0:0:0:0:
320,192,13883,1,0,0:0:0:0:
448,192,13883,1,8,0:0:0:0:
64,192,14018,1,0,0:0:0:0:
192,192,14018,1,0,0:0:0:0:
320,192,14018,1,8,0:0:0:0:
448,192,14018,1,0,0:0:0:0:
448,192,14153,1,0,0:0:0:0:
320,192,14288,1,0,0:0:0:0:
192,192,14288,1,0,0:0:0:0:
448,192,14288,1,0,0:0:0:0:
64,192,14288,1,8,0:0:0:0:
64,192,14423,1,0,0:0:0:0:
192,192,14558,1,8,0:0:0:0:
320,192,14558,1,0,0:0:0:0:
448,192,14693,1,0,0:0:0:0:
320,192,14828,1,0,0:0:0:0:
192,192,14828,1,0,0:0:0:0:
64,192,14828,1,8,0:0:0:0:
192,192,14963,1,8,0:0:0:0:
320,192,14963,1,0,0:0:0:0:
448,192,14963,1,0,0:0:0:0:
320,192,15098,1,0,0:0:0:0:
448,192,15233,1,8,0:0:0:0:
320,192,15233,1,0,0:0:0:0:
192,192,15233,1,0,0:0:0:0:
320,192,15368,1,8,0:0:0:0:
192,192,15368,1,0,0:0:0:0:
64,192,15368,1,0,0:0:0:0:
192,192,15503,1,0,0:0:0:0:
64,192,15503,1,8,0:0:0:0:
64,192,15638,1,0,0:0:0:0:
192,192,15638,1,0,0:0:0:0:
320,192,15638,1,0,0:0:0:0:
448,192,15638,1,8,0:0:0:0:
320,192,15773,1,0,0:0:0:0:
192,192,15840,1,0,0:0:0:0:
64,192,15908,1,0,0:0:0:0:
320,192,15908,1,0,0:0:0:0:
448,192,15908,1,0,0:0:0:0:
192,192,16043,1,0,0:0:0:0:
320,192,16110,1,0,0:0:0:0:
448,192,16178,1,0,0:0:0:0:
192,192,16178,1,0,0:0:0:0:
64,192,16178,1,0,0:0:0:0:
448,192,16313,1,0,0:0:0:0:
448,192,16448,1,8,0:0:0:0:
320,192,16448,1,0,0:0:0:0:
192,192,16583,1,0,0:0:0:0:
320,192,16583,1,0,0:0:0:0:
448,192,16583,1,8,0:0:0:0:
64,192,16718,1,0,0:0:0:0:
192,192,16718,1,0,0:0:0:0:
448,192,16718,1,0,0:0:0:0:
320,192,16718,1,0,0:0:0:0:
64,192,16853,1,0,0:0:0:0:
64,192,16988,1,0,0:0:0:0:
192,192,16988,1,8,0:0:0:0:
64,192,17123,1,0,0:0:0:0:
192,192,17123,1,0,0:0:0:0:
320,192,17123,1,8,0:0:0:0:
64,192,17258,1,0,0:0:0:0:
320,192,17258,1,0,0:0:0:0:
448,192,17258,1,0,0:0:0:0:
192,192,17325,1,0,0:0:0:0:
320,192,17393,1,0,0:0:0:0:
192,192,17460,1,0,0:0:0:0:
64,192,17528,1,0,0:0:0:0:
448,192,17528,1,0,0:0:0:0:
320,192,17528,1,0,0:0:0:0:
192,192,17595,1,0,0:0:0:0:
320,192,17663,1,0,0:0:0:0:
192,192,17730,1,0,0:0:0:0:
64,192,17798,1,0,0:0:0:0:
320,192,17798,1,0,0:0:0:0:
448,192,17798,1,0,0:0:0:0:
192,192,17865,1,0,0:0:0:0:
320,192,17933,1,8,0:0:0:0:
448,192,17933,1,0,0:0:0:0:
448,192,17966,1,0,0:0:0:0:
320,192,17966,1,8,0:0:0:0:
320,192,18000,1,8,0:0:0:0:
448,192,18000,1,0,0:0:0:0:
448,192,18034,1,0,0:0:0:0:
320,192,18034,1,8,0:0:0:0:
64,192,18068,1,0,0:0:0:0:
192,192,18068,1,0,0:0:0:0:
320,192,18068,1,8,0:0:0:0:
192,192,18135,1,0,0:0:0:0:
320,192,18203,1,0,0:0:0:0:
448,192,18270,1,0,0:0:0:0:
64,192,18338,128,0,20498:0:0:0:0:
192,192,18338,128,8,20498:0:0:0:0:
64,192,18338,128,0,20498:0:0:0:0:
320,192,18473,1,0,0:0:0:0:
448,192,18608,1,0,0:0:0:0:
64,192,18608,1,0,0:0:0:0:
320,192,18608,1,0,0:0:0:0:
192,192,18743,1,0,0:0:0:0:
448,192,18878,1,0,0:0:0:0:
320,192,18878,1,0,0:0:0:0:
192,192,19013,1,0,0:0:0:0:
64,192,19148,1,0,0:0:0:0:
320,192,19148,1,0,0:0:0:0:
448,192,19148,1,0,0:0:0:0:
192,192,19283,1,0,0:0:0:0:
448,192,19418,1,0,0:0:0:0:
64,192,19418,1,0,0:0:0:0:
448,192,19553,1,0,0:0:0:0:
320,192,19688,1,0,0:0:0:0:
448,192,19688,1,0,0:0:0:0:
192,192,19688,1,0,0:0:0:0:
320,192,19823,1,0,0:0:0:0:
320,192,19958,1,0,0:0:0:0:
64,192,19958,1,0,0:0:0:0:
448,192,20093,1,0,0:0:0:0:
448,192,20228,1,0,0:0:0:0:
320,192,20228,1,0,0:0:0:0:
64,192,20228,1,0,0:0:0:0:
320,192,20363,1,0,0:0:0:0:
192,192,20363,1,0,0:0:0:0:
320,192,20498,128,8,22658:0:0:0:0:
448,192,20498,128,0,22658:0:0:0:0:
192,192,20633,1,0,0:0:0:0:
64,192,20768,1,0,0:0:0:0:
448,192,20768,1,0,0:0:0:0:
192,192,20768,1,0,0:0:0:0:
320,192,20903,1,0,0:0:0:0:
64,192,21038,1,0,0:0:0:0:
192,192,21038,1,0,0:0:0:0:
320,192,21173,1,0,0:0:0:0:
448,192,21308,1,0,0:0:0:0:
192,192,21308,1,0,0:0:0:0:
64,192,21308,1,0,0:0:0:0:
320,192,21443,1,0,0:0:0:0:
64,192,21578,1,0,0:0:0:0:
448,192,21578,1,0,0:0:0:0:
64,192,21713,1,0,0:0:0:0:
192,192,21848,1,0,0:0:0:0:
64,192,21848,1,0,0:0:0:0:
448,192,21848,1,0,0:0:0:0:
192,192,22118,1,0,0:0:0:0:
448,192,22118,1,0,0:0:0:0:
64,192,22118,1,0,0:0:0:0:
320,192,22320,1,0,0:0:0:0:
192,192,22320,1,0,0:0:0:0:
64,192,22320,1,0,0:0:0:0:
192,192,22523,1,0,0:0:0:0:
448,192,22523,1,0,0:0:0:0:
64,192,22523,1,0,0:0:0:0:
192,192,22658,128,0,24818:0:0:0:0:
64,192,22658,128,0,24818:0:0:0:0:
320,192,22658,128,0,24818:0:0:0:0:
448,192,22658,128,0,24818:0:0:0:0:
320,192,22793,1,0,0:0:0:0:
448,192,22928,1,8,0:0:0:0:
320,192,22928,1,0,0:0:0:0:
192,192,22928,1,0,0:0:0:0:
64,192,22928,1,0,0:0:0:0:
192,192,23063,1,0,0:0:0:0:
448,192,23198,1,0,0:0:0:0:
64,192,23198,1,0,0:0:0:0:
320,192,23333,1,0,0:0:0:0:
64,192,23468,1,0,0:0:0:0:
192,192,23468,1,0,0:0:0:0:
320,192,23468,1,8,0:0:0:0:
448,192,23468,1,0,0:0:0:0:
64,192,23603,1,0,0:0:0:0:
192,192,23603,1,0,0:0:0:0:
448,192,23603,1,0,0:0:0:0:
320,192,23603,1,8,0:0:0:0:
192,192,23738,1,0,0:0:0:0:
448,192,23873,1,0,0:0:0:0:
320,192,23940,1,0,0:0:0:0:
192,192,24008,1,0,0:0:0:0:
64,192,24008,1,0,0:0:0:0:
448,192,24008,1,0,0:0:0:0:
192,192,24143,1,0,0:0:0:0:
320,192,24278,1,0,0:0:0:0:
448,192,24278,1,0,0:0:0:0:
64,192,24278,1,0,0:0:0:0:
192,192,24413,1,0,0:0:0:0:
64,192,24480,1,0,0:0:0:0:
448,192,24548,1,0,0:0:0:0:
320,192,24548,1,0,0:0:0:0:
64,192,24683,1,0,0:0:0:0:
192,192,24750,1,0,0:0:0:0:
320,192,24818,1,8,0:0:0:0:
448,192,24818,1,0,0:0:0:0:
448,192,24953,1,0,0:0:0:0:
192,192,25088,1,8,0:0:0:0:
320,192,25088,1,0,0:0:0:0:
448,192,25088,1,0,0:0:0:0:
448,192,25223,1,0,0:0:0:0:
192,192,25358,1,8,0:0:0:0:
64,192,25358,1,0,0:0:0:0:
320,192,25358,1,0,0:0:0:0:
64,192,25493,1,0,0:0:0:0:
320,192,25628,1,8,0:0:0:0:
192,192,25628,1,0,0:0:0:0:
64,192,25628,1,0,0:0:0:0:
448,192,25628,1,0,0:0:0:0:
64,192,25763,1,0,0:0:0:0:
320,192,25898,1,0,0:0:0:0:
448,192,25898,1,0,0:0:0:0:
64,192,26033,1,0,0:0:0:0:
192,192,26100,1,0,0:0:0:0:
320,192,26168,1,0,0:0:0:0:
448,192,26168,1,0,0:0:0:0:
192,192,26168,1,8,0:0:0:0:
192,192,26303,1,0,0:0:0:0:
64,192,26370,1,0,0:0:0:0:
320,192,26438,1,0,0:0:0:0:
448,192,26438,1,0,0:0:0:0:
192,192,26438,1,8,0:0:0:0:
192,192,26505,1,0,0:0:0:0:
64,192,26573,1,0,0:0:0:0:
448,192,26640,1,0,0:0:0:0:
320,192,26708,1,0,0:0:0:0:
192,192,26708,1,0,0:0:0:0:
64,192,26708,1,0,0:0:0:0:
448,192,26708,1,8,0:0:0:0:
64,192,26775,1,0,0:0:0:0:
448,192,26843,1,0,0:0:0:0:
320,192,26910,1,0,0:0:0:0:
192,192,26978,1,0,0:0:0:0:
64,192,26978,1,0,0:0:0:0:
448,192,26978,1,0,0:0:0:0:
320,192,27518,1,0,0:0:0:0:
192,192,28058,1,0,0:0:0:0:
64,192,28598,1,0,0:0:0:0:
448,192,29138,1,0,0:0:0:0:
320,192,29138,1,0,0:0:0:0:
64,192,29678,1,0,0:0:0:0:
320,192,30218,1,0,0:0:0:0:
320,192,30420,1,0,0:0:0:0:
320,192,30623,1,0,0:0:0:0:
448,192,30758,1,0,0:0:0:0:
320,192,30893,1,0,0:0:0:0:
192,192,31028,1,0,0:0:0:0:
64,192,31163,1,0,0:0:0:0:
192,192,31298,1,0,0:0:0:0:
320,192,31298,1,0,0:0:0:0:
448,192,31298,1,0,0:0:0:0:
64,192,31838,1,0,0:0:0:0:
192,192,32108,1,0,0:0:0:0:
448,192,32378,1,0,0:0:0:0:
192,192,32648,1,0,0:0:0:0:
320,192,32918,1,0,0:0:0:0:
64,192,33188,1,0,0:0:0:0:
448,192,33458,1,0,0:0:0:0:
320,192,33458,1,0,0:0:0:0:
64,192,33728,1,0,0:0:0:0:
192,192,33998,1,0,0:0:0:0:
64,192,34268,1,0,0:0:0:0:
448,192,34538,1,0,0:0:0:0:
64,192,35078,1,0,0:0:0:0:
320,192,35483,1,0,0:0:0:0:
448,192,35483,1,8,0:0:0:0:
320,192,35550,1,0,0:0:0:0:
448,192,35550,1,8,0:0:0:0:
320,192,35618,1,0,0:0:0:0:
448,192,35618,1,8,0:0:0:0:
64,192,35618,1,0,0:0:0:0:
192,192,35888,1,0,0:0:0:0:
320,192,36158,1,0,0:0:0:0:
448,192,36428,1,0,0:0:0:0:
64,192,36698,1,0,0:0:0:0:
320,192,36788,1,0,0:0:0:0:
64,192,36878,1,0,0:0:0:0:
320,192,36968,1,0,0:0:0:0:
448,192,37238,1,0,0:0:0:0:
320,192,37440,1,0,0:0:0:0:
192,192,37643,1,0,0:0:0:0:
64,192,37778,1,0,0:0:0:0:
320,192,37778,1,0,0:0:0:0:
448,192,37778,1,0,0:0:0:0:
192,192,38048,1,0,0:0:0:0:
64,192,38318,1,0,0:0:0:0:
448,192,38588,1,0,0:0:0:0:
64,192,38858,1,0,0:0:0:0:
192,192,39128,1,0,0:0:0:0:
320,192,39398,1,0,0:0:0:0:
448,192,39668,1,0,0:0:0:0:
64,192,39938,1,0,0:0:0:0:
192,192,39938,1,0,0:0:0:0:
448,192,40478,1,0,0:0:0:0:
320,192,40680,1,0,0:0:0:0:
192,192,40883,1,0,0:0:0:0:
64,192,40883,1,8,0:0:0:0:
192,192,40950,1,0,0:0:0:0:
64,192,40950,1,8,0:0:0:0:
64,192,41018,1,0,0:0:0:0:
320,192,41018,1,0,0:0:0:0:
448,192,41018,1,0,0:0:0:0:
64,192,41558,1,0,0:0:0:0:
192,192,41558,1,0,0:0:0:0:
448,192,41558,1,0,0:0:0:0:
192,192,42098,1,0,0:0:0:0:
320,192,42098,1,0,0:0:0:0:
448,192,42098,1,0,0:0:0:0:
64,192,42638,1,0,0:0:0:0:
192,192,42638,1,0,0:0:0:0:
320,192,42638,1,0,0:0:0:0:
320,192,42908,1,0,0:0:0:0:
448,192,42908,1,0,0:0:0:0:
64,192,42908,1,0,0:0:0:0:
64,192,43178,128,0,43448:0:0:0:0:
192,192,43448,128,0,43718:0:0:0:0:
320,192,43448,1,0,0:0:0:0:
448,192,43448,1,0,0:0:0:0:
320,192,43718,128,0,43988:0:0:0:0:
64,192,43718,1,0,0:0:0:0:
448,192,43718,1,0,0:0:0:0:
448,192,43988,128,0,44258:0:0:0:0:
64,192,43988,1,0,0:0:0:0:
192,192,43988,1,0,0:0:0:0:
192,192,44123,1,0,0:0:0:0:
64,192,44190,1,0,0:0:0:0:
192,192,44258,1,0,0:0:0:0:
320,192,44258,1,0,0:0:0:0:
448,192,44393,1,0,0:0:0:0:
192,192,44528,1,0,0:0:0:0:
64,192,44528,1,0,0:0:0:0:
320,192,44663,1,0,0:0:0:0:
448,192,44798,1,0,0:0:0:0:
64,192,44798,1,0,0:0:0:0:
192,192,44933,1,0,0:0:0:0:
320,192,45068,1,0,0:0:0:0:
448,192,45068,1,0,0:0:0:0:
64,192,45203,1,0,0:0:0:0:
64,192,45338,1,0,0:0:0:0:
448,192,45338,1,0,0:0:0:0:
320,192,45405,1,0,0:0:0:0:
192,192,45473,1,0,0:0:0:0:
64,192,45540,1,0,0:0:0:0:
192,192,45608,1,0,0:0:0:0:
320,192,45608,1,0,0:0:0:0:
448,192,45675,1,0,0:0:0:0:
320,192,45743,1,0,0:0:0:0:
192,192,45810,1,0,0:0:0:0:
64,192,45878,1,0,0:0:0:0:
448,192,45878,1,0,0:0:0:0:
320,192,45945,1,8,0:0:0:0:
192,192,45945,1,0,0:0:0:0:
192,192,46013,1,0,0:0:0:0:
320,192,46013,1,8,0:0:0:0:
64,192,46013,1,0,0:0:0:0:
64,192,46046,1,0,0:0:0:0:
192,192,46046,1,0,0:0:0:0:
320,192,46046,1,8,0:0:0:0:
320,192,46080,1,8,0:0:0:0:
192,192,46080,1,0,0:0:0:0:
64,192,46080,1,0,0:0:0:0:
64,192,46114,1,0,0:0:0:0:
192,192,46114,1,0,0:0:0:0:
320,192,46114,1,8,0:0:0:0:
192,192,46148,1,0,0:0:0:0:
320,192,46148,1,8,0:0:0:0:
64,192,46148,1,0,0:0:0:0:
320,192,46215,1,8,0:0:0:0:
448,192,46215,1,0,0:0:0:0:
320,192,46283,1,8,0:0:0:0:
448,192,46283,1,0,0:0:0:0:
320,192,46350,1,8,0:0:0:0:
448,192,46350,1,0,0:0:0:0:
192,192,46418,1,0,0:0:0:0:
320,192,46418,1,0,0:0:0:0:
448,192,46418,1,0,0:0:0:0:
64,192,46418,1,0,0:0:0:0:
64,192,46688,128,0,46823:0:0:0:0:
448,192,46958,128,0,47093:0:0:0:0:
320,192,47228,128,0,47363:0:0:0:0:
192,192,47498,128,0,47633:0:0:0:0:
192,192,47768,128,0,47903:0:0:0:0:
64,192,48038,128,0,48173:0:0:0:0:
64,192,48308,128,0,48443:0:0:0:0:
320,192,48578,128,0,48713:0:0:0:0:
448,192,48848,128,0,48983:0:0:0:0:
64,192,49118,128,0,49253:0:0:0:0:
64,192,49388,128,0,49523:0:0:0:0:
448,192,49658,128,0,49793:0:0:0:0:
320,192,49928,128,0,50063:0:0:0:0:
192,192,50198,128,0,50333:0:0:0:0:
64,192,50468,128,0,50603:0:0:0:0:
320,192,50738,128,0,50873:0:0:0:0:
320,192,51008,128,0,51143:0:0:0:0:
448,192,51278,128,0,51413:0:0:0:0:
448,192,51548,128,0,51683:0:0:0:0:
192,192,51818,128,0,51953:0:0:0:0:
320,192,52088,128,0,52223:0:0:0:0:
448,192,52358,128,0,52493:0:0:0:0:
192,192,52628,128,0,52763:0:0:0:0:
64,192,52898,128,0,53033:0:0:0:0:
320,192,53168,128,0,53303:0:0:0:0:
192,192,53438,128,0,53573:0:0:0:0:
448,192,53708,128,0,53843:0:0:0:0:
64,192,53978,128,0,54113:0:0:0:0:
192,192,54248,128,0,54383:0:0:0:0:
320,192,54248,1,8,0:0:0:0:
448,192,54248,1,0,0:0:0:0:
320,192,54315,1,8,0:0:0:0:
448,192,54315,1,0,0:0:0:0:
320,192,54383,1,8,0:0:0:0:
448,192,54383,1,0,0:0:0:0:
320,192,54450,1,8,0:0:0:0:
448,192,54450,1,0,0:0:0:0:
64,192,54518,128,0,54653:0:0:0:0:
320,192,54518,1,8,0:0:0:0:
448,192,54518,1,0,0:0:0:0:
320,192,54585,1,8,0:0:0:0:
448,192,54585,1,0,0:0:0:0:
448,192,54653,1,0,0:0:0:0:
320,192,54653,1,8,0:0:0:0:
448,192,54720,1,0,0:0:0:0:
320,192,54720,1,8,0:0:0:0:
192,192,54788,128,0,54923:0:0:0:0:
448,192,54788,1,0,0:0:0:0:
320,192,54788,1,8,0:0:0:0:
448,192,54855,1,0,0:0:0:0:
320,192,54855,1,8,0:0:0:0:
320,192,54923,1,8,0:0:0:0:
448,192,54923,1,0,0:0:0:0:
320,192,54990,1,8,0:0:0:0:
448,192,54990,1,0,0:0:0:0:
448,192,55058,128,0,55193:0:0:0:0:
64,192,55058,1,0,0:0:0:0:
192,192,55058,1,0,0:0:0:0:
64,192,55328,128,0,55463:0:0:0:0:
448,192,55598,128,0,55733:0:0:0:0:
320,192,55868,128,0,56003:0:0:0:0:
192,192,56138,128,0,56273:0:0:0:0:
192,192,56408,128,0,56543:0:0:0:0:
64,192,56678,128,0,56813:0:0:0:0:
64,192,56948,128,0,57083:0:0:0:0:
320,192,57218,128,0,57353:0:0:0:0:
448,192,57488,128,0,57623:0:0:0:0:
64,192,57758,128,0,57893:0:0:0:0:
64,192,58028,128,0,58163:0:0:0:0:
448,192,58298,128,0,58433:0:0:0:0:
320,192,58568,128,0,58703:0:0:0:0:
192,192,58838,128,0,58973:0:0:0:0:
64,192,59108,128,0,59243:0:0:0:0:
320,192,59378,128,0,59513:0:0:0:0:
320,192,59648,128,0,59783:0:0:0:0:
448,192,59918,128,0,60053:0:0:0:0:
448,192,60188,128,0,60323:0:0:0:0:
192,192,60458,128,0,60593:0:0:0:0:
320,192,60728,128,0,60863:0:0:0:0:
448,192,60998,128,0,61133:0:0:0:0:
192,192,61268,128,0,61403:0:0:0:0:
64,192,61538,128,0,61673:0:0:0:0:
192,192,61673,128,0,61808:0:0:0:0:
320,192,61808,128,0,61943:0:0:0:0:
448,192,61943,128,0,62078:0:0:0:0:
64,192,62078,128,0,62213:0:0:0:0:
320,192,62213,128,0,62348:0:0:0:0:
192,192,62348,128,0,62483:0:0:0:0:
448,192,62483,128,0,62618:0:0:0:0:
64,192,62618,128,0,62753:0:0:0:0:
192,192,62753,128,0,62888:0:0:0:0:
320,192,62888,128,0,63023:0:0:0:0:
448,192,63023,128,0,63158:0:0:0:0:
64,192,63158,128,0,63293:0:0:0:0:
320,192,63293,132,0,63428:0:0:0:0:
192,192,63428,128,0,63563:0:0:0:0:
64,192,63563,128,0,63698:0:0:0:0:
320,192,63698,5,0,0:0:0:0:
448,192,63698,1,8,0:0:0:0:
192,192,63765,1,0,0:0:0:0:
64,192,63833,1,0,0:0:0:0:
320,192,63900,1,0,0:0:0:0:
448,192,63900,1,8,0:0:0:0:
192,192,63968,1,0,0:0:0:0:
64,192,64035,1,0,0:0:0:0:
448,192,64103,1,8,0:0:0:0:
320,192,64103,1,0,0:0:0:0:
192,192,64170,1,8,0:0:0:0:
64,192,64170,1,0,0:0:0:0:
320,192,64238,1,0,0:0:0:0:
448,192,64238,1,8,0:0:0:0:
64,192,64305,1,0,0:0:0:0:
192,192,64373,1,0,0:0:0:0:
320,192,64440,1,0,0:0:0:0:
320,192,64508,1,0,0:0:0:0:
448,192,64508,1,8,0:0:0:0:
192,192,64575,1,0,0:0:0:0:
320,192,64643,1,0,0:0:0:0:
448,192,64643,1,8,0:0:0:0:
64,192,64710,1,0,0:0:0:0:
192,192,64778,1,8,0:0:0:0:
64,192,64778,1,0,0:0:0:0:
320,192,64845,1,0,0:0:0:0:
448,192,64913,1,0,0:0:0:0:
192,192,64980,1,8,0:0:0:0:
64,192,64980,1,0,0:0:0:0:
320,192,65048,1,0,0:0:0:0:
448,192,65115,1,0,0:0:0:0:
64,192,65183,1,0,0:0:0:0:
192,192,65183,1,8,0:0:0:0:
320,192,65250,1,8,0:0:0:0:
448,192,65250,1,0,0:0:0:0:
192,192,65318,1,8,0:0:0:0:
64,192,65318,1,0,0:0:0:0:
448,192,65385,1,0,0:0:0:0:
320,192,65453,1,0,0:0:0:0:
192,192,65520,1,0,0:0:0:0:
192,192,65588,1,8,0:0:0:0:
64,192,65588,1,0,0:0:0:0:
320,192,65655,1,0,0:0:0:0:
192,192,65723,1,8,0:0:0:0:
64,192,65723,1,0,0:0:0:0:
448,192,65790,1,0,0:0:0:0:
320,192,65858,1,0,0:0:0:0:
192,192,65858,1,8,0:0:0:0:
448,192,65925,1,0,0:0:0:0:
64,192,65993,1,0,0:0:0:0:
192,192,66060,1,0,0:0:0:0:
320,192,66060,1,8,0:0:0:0:
448,192,66128,1,0,0:0:0:0:
64,192,66195,1,0,0:0:0:0:
192,192,66263,1,0,0:0:0:0:
320,192,66263,1,8,0:0:0:0:
448,192,66330,1,0,0:0:0:0:
320,192,66398,1,8,0:0:0:0:
192,192,66398,1,0,0:0:0:0:
64,192,66465,1,0,0:0:0:0:
448,192,66533,1,0,0:0:0:0:
320,192,66600,1,0,0:0:0:0:
192,192,66668,1,0,0:0:0:0:
64,192,66668,1,8,0:0:0:0:
64,192,66735,1,0,0:0:0:0:
320,192,66803,1,8,0:0:0:0:
448,192,66803,1,0,0:0:0:0:
320,192,66870,1,0,0:0:0:0:
192,192,66938,1,0,0:0:0:0:
64,192,66938,1,8,0:0:0:0:
320,192,67005,1,0,0:0:0:0:
448,192,67073,1,0,0:0:0:0:
64,192,67140,1,0,0:0:0:0:
320,192,67208,1,0,0:0:0:0:
448,192,67208,1,8,0:0:0:0:
320,192,67275,1,0,0:0:0:0:
64,192,67343,1,0,0:0:0:0:
192,192,67343,1,8,0:0:0:0:
64,192,67410,1,0,0:0:0:0:
64,192,67478,1,0,0:0:0:0:
192,192,67478,1,8,0:0:0:0:
320,192,67478,1,0,0:0:0:0:
320,192,67545,1,0,0:0:0:0:
448,192,67613,1,8,0:0:0:0:
320,192,67613,1,0,0:0:0:0:
192,192,67613,1,0,0:0:0:0:
64,192,67680,1,0,0:0:0:0:
192,192,67748,1,8,0:0:0:0:
64,192,67748,1,0,0:0:0:0:
320,192,67748,1,0,0:0:0:0:
448,192,67748,1,0,0:0:0:0:
320,192,67815,1,0,0:0:0:0:
64,192,67883,1,0,0:0:0:0:
192,192,67883,1,0,0:0:0:0:
320,192,67883,1,0,0:0:0:0:
448,192,67883,1,8,0:0:0:0:
320,192,67950,1,0,0:0:0:0:
192,192,68018,1,8,0:0:0:0:
64,192,68018,1,0,0:0:0:0:
320,192,68085,1,0,0:0:0:0:
448,192,68153,1,0,0:0:0:0:
64,192,68220,1,0,0:0:0:0:
192,192,68220,1,8,0:0:0:0:
320,192,68288,1,0,0:0:0:0:
448,192,68355,1,0,0:0:0:0:
192,192,68423,1,8,0:0:0:0:
64,192,68423,1,0,0:0:0:0:
320,192,68490,1,0,0:0:0:0:
448,192,68558,1,8,0:0:0:0:
320,192,68558,1,0,0:0:0:0:
192,192,68625,1,0,0:0:0:0:
448,192,68693,1,8,0:0:0:0:
320,192,68693,1,0,0:0:0:0:
192,192,68760,1,0,0:0:0:0:
320,192,68828,1,8,0:0:0:0:
192,192,68828,1,0,0:0:0:0:
64,192,68895,1,0,0:0:0:0:
320,192,68963,1,8,0:0:0:0:
192,192,68963,1,0,0:0:0:0:
64,192,69030,1,0,0:0:0:0:
64,192,69098,1,8,0:0:0:0:
192,192,69098,1,0,0:0:0:0:
320,192,69098,1,0,0:0:0:0:
320,192,69165,1,0,0:0:0:0:
192,192,69233,1,0,0:0:0:0:
64,192,69233,1,8,0:0:0:0:
320,192,69233,1,0,0:0:0:0:
320,192,69300,1,0,0:0:0:0:
192,192,69368,1,8,0:0:0:0:
320,192,69368,1,0,0:0:0:0:
448,192,69368,1,0,0:0:0:0:
192,192,69435,1,0,0:0:0:0:
192,192,69503,1,8,0:0:0:0:
320,192,69503,1,0,0:0:0:0:
448,192,69503,1,0,0:0:0:0:
192,192,69570,1,0,0:0:0:0:
64,192,69638,1,8,0:0:0:0:
320,192,69638,1,0,0:0:0:0:
192,192,69638,1,0,0:0:0:0:
192,192,69705,1,0,0:0:0:0:
64,192,69773,1,8,0:0:0:0:
320,192,69773,1,0,0:0:0:0:
192,192,69773,1,0,0:0:0:0:
192,192,69840,1,0,0:0:0:0:
448,192,69908,1,8,0:0:0:0:
320,192,69908,1,0,0:0:0:0:
320,192,69975,1,0,0:0:0:0:
448,192,70043,1,8,0:0:0:0:
320,192,70043,1,0,0:0:0:0:
320,192,70110,1,0,0:0:0:0:
64,192,70178,1,0,0:0:0:0:
320,192,70245,1,0,0:0:0:0:
64,192,70313,1,0,0:0:0:0:
320,192,70380,1,0,0:0:0:0:
192,192,70448,1,0,0:0:0:0:
448,192,70515,1,0,0:0:0:0:
192,192,70583,1,0,0:0:0:0:
448,192,70650,1,0,0:0:0:0:
64,192,70718,1,0,0:0:0:0:
192,192,70785,1,0,0:0:0:0:
448,192,70853,1,0,0:0:0:0:
320,192,70920,1,0,0:0:0:0:
64,192,70988,1,0,0:0:0:0:
192,192,71055,1,0,0:0:0:0:
448,192,71123,1,0,0:0:0:0:
320,192,71190,1,0,0:0:0:0:
64,192,71258,1,0,0:0:0:0:
192,192,71258,1,0,0:0:0:0:
320,192,71325,1,0,0:0:0:0:
448,192,71393,1,0,0:0:0:0:
320,192,71460,1,0,0:0:0:0:
64,192,71528,1,8,0:0:0:0:
192,192,71528,1,0,0:0:0:0:
320,192,71528,1,0,0:0:0:0:
448,192,71528,1,0,0:0:0:0:
448,192,71663,1,0,0:0:0:0:
320,192,71696,1,0,0:0:0:0:
192,192,71730,1,0,0:0:0:0:
64,192,71764,1,0,0:0:0:0:
64,192,71798,1,8,0:0:0:0:
192,192,71798,1,0,0:0:0:0:
320,192,71798,1,0,0:0:0:0:
448,192,71798,1,0,0:0:0:0:
64,192,71933,1,0,0:0:0:0:
192,192,71966,1,0,0:0:0:0:
320,192,72000,1,0,0:0:0:0:
448,192,72034,1,0,0:0:0:0:
320,192,72068,1,0,0:0:0:0:
192,192,72068,1,0,0:0:0:0:
448,192,72068,1,0,0:0:0:0:
64,192,72068,1,8,0:0:0:0:
64,192,72203,1,0,0:0:0:0:
320,192,72338,1,0,0:0:0:0:
448,192,72338,1,8,0:0:0:0:
192,192,72405,1,0,0:0:0:0:
320,192,72473,1,0,0:0:0:0:
448,192,72473,1,8,0:0:0:0:
192,192,72540,1,0,0:0:0:0:
320,192,72608,1,8,0:0:0:0:
192,192,72608,1,0,0:0:0:0:
64,192,72675,1,0,0:0:0:0:
192,192,72743,1,0,0:0:0:0:
320,192,72743,1,8,0:0:0:0:
64,192,72810,1,0,0:0:0:0:
320,192,72878,1,0,0:0:0:0:
192,192,72878,1,0,0:0:0:0:
64,192,72878,1,8,0:0:0:0:
448,192,72945,1,0,0:0:0:0:
192,192,73013,1,0,0:0:0:0:
320,192,73013,1,0,0:0:0:0:
64,192,73013,1,8,0:0:0:0:
448,192,73080,1,0,0:0:0:0:
192,192,73148,1,0,0:0:0:0:
448,192,73148,1,8,0:0:0:0:
320,192,73148,1,0,0:0:0:0:
64,192,73215,1,0,0:0:0:0:
192,192,73283,1,0,0:0:0:0:
320,192,73283,1,0,0:0:0:0:
448,192,73283,1,8,0:0:0:0:
64,192,73350,1,0,0:0:0:0:
320,192,73418,1,0,0:0:0:0:
448,192,73418,1,8,0:0:0:0:
192,192,73508,1,0,0:0:0:0:
320,192,73508,1,8,0:0:0:0:
64,192,73598,1,0,0:0:0:0:
192,192,73598,1,8,0:0:0:0:
448,192,73688,1,0,0:0:0:0:
448,192,73688,1,0,0:0:0:0:
64,192,73688,1,0,0:0:0:0:
320,192,73823,1,0,0:0:0:0:
64,192,73958,1,8,0:0:0:0:
192,192,73958,1,0,0:0:0:0:
320,192,73958,1,0,0:0:0:0:
192,192,73974,1,0,0:0:0:0:
320,192,73991,1,0,0:0:0:0:
448,192,74008,1,0,0:0:0:0:
448,192,74160,1,0,0:0:0:0:
448,192,74160,1,8,0:0:0:0:
192,192,74160,1,0,0:0:0:0:
320,192,74160,1,0,0:0:0:0:
320,192,74177,1,0,0:0:0:0:
192,192,74194,1,0,0:0:0:0:
64,192,74211,1,0,0:0:0:0:
64,192,74363,1,8,0:0:0:0:
320,192,74363,1,0,0:0:0:0:
192,192,74363,1,0,0:0:0:0:
192,192,74379,1,0,0:0:0:0:
320,192,74396,1,0,0:0:0:0:
448,192,74413,1,0,0:0:0:0:
64,192,74498,1,8,0:0:0:0:
192,192,74498,1,0,0:0:0:0:
320,192,74565,1,0,0:0:0:0:
192,192,74633,1,0,0:0:0:0:
64,192,74633,1,8,0:0:0:0:
320,192,74700,1,0,0:0:0:0:
192,192,74768,1,8,0:0:0:0:
320,192,74768,1,0,0:0:0:0:
64,192,74768,1,0,0:0:0:0:
448,192,74835,1,0,0:0:0:0:
192,192,74903,1,8,0:0:0:0:
320,192,74903,1,0,0:0:0:0:
64,192,74903,1,0,0:0:0:0:
448,192,74970,1,0,0:0:0:0:
320,192,75038,1,8,0:0:0:0:
448,192,75038,1,0,0:0:0:0:
192,192,75105,1,0,0:0:0:0:
320,192,75173,1,8,0:0:0:0:
448,192,75173,1,0,0:0:0:0:
192,192,75240,1,0,0:0:0:0:
192,192,75308,1,8,0:0:0:0:
320,192,75308,1,0,0:0:0:0:
448,192,75308,1,0,0:0:0:0:
64,192,75375,1,0,0:0:0:0:
192,192,75443,1,8,0:0:0:0:
320,192,75443,1,0,0:0:0:0:
448,192,75443,1,0,0:0:0:0:
64,192,75510,1,0,0:0:0:0:
448,192,75578,1,8,0:0:0:0:
320,192,75578,1,0,0:0:0:0:
192,192,75578,1,0,0:0:0:0:
64,192,75578,1,0,0:0:0:0:
320,192,75645,1,0,0:0:0:0:
192,192,75713,1,0,0:0:0:0:
64,192,75780,1,0,0:0:0:0:
448,192,75848,1,8,0:0:0:0:
320,192,75848,1,0,0:0:0:0:
192,192,75848,1,0,0:0:0:0:
64,192,75848,1,0,0:0:0:0:
320,192,75915,1,0,0:0:0:0:
192,192,75983,1,0,0:0:0:0:
64,192,76050,1,0,0:0:0:0:
448,192,76118,1,8,0:0:0:0:
320,192,76118,1,0,0:0:0:0:
192,192,76118,1,0,0:0:0:0:
64,192,76118,1,0,0:0:0:0:
320,192,76185,1,0,0:0:0:0:
192,192,76253,1,0,0:0:0:0:
64,192,76320,1,0,0:0:0:0:
448,192,76388,1,8,0:0:0:0:
320,192,76388,1,0,0:0:0:0:
192,192,76388,1,0,0:0:0:0:
64,192,76388,1,0,0:0:0:0:
320,192,76455,1,0,0:0:0:0:
192,192,76523,1,0,0:0:0:0:
64,192,76590,1,0,0:0:0:0:
448,192,76658,1,0,0:0:0:0:
64,192,76658,1,0,0:0:0:0:
192,192,76725,1,0,0:0:0:0:
320,192,76793,1,0,0:0:0:0:
448,192,76860,1,0,0:0:0:0:
64,192,76860,1,0,0:0:0:0:
320,192,76928,1,0,0:0:0:0:
192,192,76995,1,0,0:0:0:0:
64,192,77063,1,0,0:0:0:0:
448,192,77063,1,0,0:0:0:0:
192,192,77130,1,0,0:0:0:0:
320,192,77198,1,0,0:0:0:0:
448,192,77198,1,0,0:0:0:0:
192,192,77265,1,0,0:0:0:0:
64,192,77333,1,0,0:0:0:0:
448,192,77400,1,0,0:0:0:0:
320,192,77468,1,0,0:0:0:0:
64,192,77468,1,0,0:0:0:0:
192,192,77535,1,0,0:0:0:0:
448,192,77603,1,0,0:0:0:0:
320,192,77603,1,0,0:0:0:0:
192,192,77670,1,0,0:0:0:0:
64,192,77738,1,0,0:0:0:0:
448,192,77738,1,0,0:0:0:0:
320,192,77738,1,8,0:0:0:0:
192,192,77805,1,0,0:0:0:0:
320,192,77873,1,0,0:0:0:0:
448,192,77940,1,0,0:0:0:0:
192,192,78008,1,0,0:0:0:0:
64,192,78008,1,0,0:0:0:0:
448,192,78075,1,0,0:0:0:0:
320,192,78143,1,0,0:0:0:0:
192,192,78210,1,0,0:0:0:0:
64,192,78278,1,0,0:0:0:0:
448,192,78278,1,0,0:0:0:0:
192,192,78278,1,8,0:0:0:0:
320,192,78345,1,0,0:0:0:0:
192,192,78413,1,0,0:0:0:0:
448,192,78480,1,0,0:0:0:0:
64,192,78480,1,0,0:0:0:0:
320,192,78480,1,8,0:0:0:0:
192,192,78548,1,0,0:0:0:0:
320,192,78615,1,0,0:0:0:0:
448,192,78683,1,0,0:0:0:0:
64,192,78750,1,0,0:0:0:0:
320,192,78818,1,0,0:0:0:0:
448,192,78818,1,8,0:0:0:0:
64,192,78818,1,0,0:0:0:0:
192,192,78818,1,0,0:0:0:0:
320,192,78885,1,0,0:0:0:0:
192,192,78953,1,0,0:0:0:0:
64,192,79020,1,8,0:0:0:0:
192,192,79020,1,0,0:0:0:0:
320,192,79020,1,0,0:0:0:0:
448,192,79020,1,0,0:0:0:0:
320,192,79088,1,0,0:0:0:0:
192,192,79155,1,0,0:0:0:0:
64,192,79223,1,8,0:0:0:0:
192,192,79223,1,0,0:0:0:0:
320,192,79223,1,0,0:0:0:0:
448,192,79223,1,0,0:0:0:0:
192,192,79290,1,0,0:0:0:0:
320,192,79358,1,0,0:0:0:0:
448,192,79358,1,8,0:0:0:0:
192,192,79358,1,0,0:0:0:0:
64,192,79425,1,0,0:0:0:0:
192,192,79493,1,0,0:0:0:0:
320,192,79560,1,0,0:0:0:0:
448,192,79628,1,8,0:0:0:0:
320,192,79628,1,0,0:0:0:0:
192,192,79695,1,0,0:0:0:0:
320,192,79763,1,0,0:0:0:0:
448,192,79763,1,8,0:0:0:0:
192,192,79830,1,0,0:0:0:0:
64,192,79898,1,8,0:0:0:0:
192,192,79898,1,0,0:0:0:0:
320,192,79898,1,0,0:0:0:0:
448,192,79898,1,0,0:0:0:0:
192,192,79965,1,0,0:0:0:0:
448,192,80033,1,8,0:0:0:0:
320,192,80033,1,0,0:0:0:0:
64,192,80033,1,0,0:0:0:0:
192,192,80033,1,0,0:0:0:0:
320,192,80100,1,0,0:0:0:0:
64,192,80168,1,0,0:0:0:0:
192,192,80168,1,8,0:0:0:0:
320,192,80168,1,0,0:0:0:0:
448,192,80168,1,0,0:0:0:0:
64,192,80235,1,0,0:0:0:0:
64,192,80303,1,0,0:0:0:0:
192,192,80303,1,0,0:0:0:0:
320,192,80303,1,8,0:0:0:0:
448,192,80303,1,0,0:0:0:0:
448,192,80370,1,0,0:0:0:0:
64,192,80438,1,8,0:0:0:0:
192,192,80438,1,0,0:0:0:0:
320,192,80438,1,0,0:0:0:0:
448,192,80438,1,0,0:0:0:0:
192,192,80505,1,0,0:0:0:0:
64,192,80573,1,8,0:0:0:0:
192,192,80573,1,0,0:0:0:0:
448,192,80573,1,0,0:0:0:0:
320,192,80573,1,0,0:0:0:0:
192,192,80640,1,0,0:0:0:0:
64,192,80708,1,0,0:0:0:0:
192,192,80708,1,0,0:0:0:0:
448,192,80708,1,8,0:0:0:0:
320,192,80708,1,0,0:0:0:0:
320,192,80775,1,0,0:0:0:0:
64,192,80843,1,0,0:0:0:0:
320,192,80843,1,0,0:0:0:0:
448,192,80843,1,8,0:0:0:0:
192,192,80843,1,0,0:0:0:0:
320,192,80910,1,0,0:0:0:0:
192,192,80978,1,0,0:0:0:0:
64,192,81113,1,0,0:0:0:0:
448,192,81248,1,0,0:0:0:0:
320,192,81383,1,0,0:0:0:0:
192,192,81518,1,0,0:0:0:0:
64,192,81653,1,0,0:0:0:0:
192,192,81788,1,0,0:0:0:0:
320,192,81923,1,0,0:0:0:0:
64,192,82058,1,0,0:0:0:0:
448,192,82193,1,0,0:0:0:0:
320,192,82328,1,0,0:0:0:0:
192,192,82463,1,0,0:0:0:0:
64,192,82598,1,0,0:0:0:0:
320,192,82733,1,0,0:0:0:0:
192,192,82868,1,0,0:0:0:0:
448,192,83003,1,0,0:0:0:0:
64,192,83138,1,0,0:0:0:0:
192,192,83273,1,0,0:0:0:0:
448,192,83408,1,0,0:0:0:0:
320,192,83543,1,0,0:0:0:0:
64,192,83678,1,0,0:0:0:0:
448,192,83813,1,0,0:0:0:0:
192,192,83948,1,0,0:0:0:0:
320,192,84083,1,0,0:0:0:0:
64,192,84218,1,0,0:0:0:0:
192,192,84353,1,0,0:0:0:0:
320,192,84488,1,0,0:0:0:0:
448,192,84623,1,0,0:0:0:0:
64,192,84758,1,0,0:0:0:0:
192,192,84893,1,0,0:0:0:0:
320,192,85028,1,0,0:0:0:0:
448,192,85163,1,0,0:0:0:0:
64,192,85298,128,0,87458:0:0:0:0:
448,192,85433,1,0,0:0:0:0:
320,192,85568,1,0,0:0:0:0:
192,192,85703,1,0,0:0:0:0:
448,192,85838,1,0,0:0:0:0:
192,192,85973,1,0,0:0:0:0:
320,192,86108,1,0,0:0:0:0:
448,192,86243,1,0,0:0:0:0:
192,192,86378,1,0,0:0:0:0:
320,192,86513,1,0,0:0:0:0:
448,192,86648,1,0,0:0:0:0:
320,192,86783,1,0,0:0:0:0:
192,192,86918,128,0,87458:0:0:0:0:
320,192,87053,1,0,0:0:0:0:
448,192,87188,1,0,0:0:0:0:
320,192,87323,1,0,0:0:0:0:
448,192,87458,128,0,88538:0:0:0:0:
320,192,87593,1,0,0:0:0:0:
192,192,87728,1,0,0:0:0:0:
64,192,87863,1,0,0:0:0:0:
320,192,87998,128,0,88538:0:0:0:0:
192,192,88133,1,0,0:0:0:0:
64,192,88268,1,0,0:0:0:0:
64,192,88403,1,8,0:0:0:0:
192,192,88403,1,0,0:0:0:0:
64,192,88470,1,8,0:0:0:0:
192,192,88470,1,0,0:0:0:0:
64,192,88538,128,8,89618:0:0:0:0:
192,192,88538,128,0,89618:0:0:0:0:
448,192,88673,1,0,0:0:0:0:
320,192,88808,1,0,0:0:0:0:
192,192,88943,1,0,0:0:0:0:
64,192,89078,1,0,0:0:0:0:
448,192,89213,1,0,0:0:0:0:
320,192,89348,1,0,0:0:0:0:
192,192,89483,1,0,0:0:0:0:
320,192,89618,128,0,90698:0:0:0:0:
448,192,89618,128,8,90698:0:0:0:0:
64,192,89753,1,0,0:0:0:0:
192,192,89888,1,0,0:0:0:0:
320,192,90023,1,0,0:0:0:0:
448,192,90158,1,0,0:0:0:0:
64,192,90293,1,0,0:0:0:0:
192,192,90428,1,0,0:0:0:0:
320,192,90563,1,0,0:0:0:0:
192,192,90698,128,0,91778:0:0:0:0:
64,192,90698,128,8,91778:0:0:0:0:
448,192,90833,1,0,0:0:0:0:
192,192,90968,1,0,0:0:0:0:
320,192,91103,1,0,0:0:0:0:
64,192,91238,1,0,0:0:0:0:
448,192,91373,1,0,0:0:0:0:
64,192,91508,1,0,0:0:0:0:
192,192,91643,1,0,0:0:0:0:
448,192,91778,128,8,92858:0:0:0:0:
320,192,91778,128,0,92858:0:0:0:0:
64,192,91913,1,0,0:0:0:0:
320,192,92048,1,0,0:0:0:0:
192,192,92183,1,0,0:0:0:0:
448,192,92318,1,0,0:0:0:0:
64,192,92453,1,0,0:0:0:0:
448,192,92588,1,0,0:0:0:0:
192,192,92588,1,0,0:0:0:0:
320,192,92723,1,0,0:0:0:0:
64,192,92723,1,0,0:0:0:0:
192,192,92858,1,0,0:0:0:0:
64,192,92858,1,8,0:0:0:0:
448,192,92993,1,0,0:0:0:0:
320,192,93060,1,0,0:0:0:0:
192,192,93128,1,0,0:0:0:0:
320,192,93195,1,0,0:0:0:0:
448,192,93263,1,0,0:0:0:0:
448,192,93398,1,8,0:0:0:0:
320,192,93398,1,0,0:0:0:0:
192,192,93398,1,0,0:0:0:0:
64,192,93398,1,0,0:0:0:0:
64,192,93533,1,0,0:0:0:0:
192,192,93600,1,0,0:0:0:0:
320,192,93668,1,0,0:0:0:0:
192,192,93735,1,0,0:0:0:0:
64,192,93803,1,0,0:0:0:0:
64,192,93938,1,0,0:0:0:0:
192,192,93938,1,0,0:0:0:0:
448,192,93938,1,8,0:0:0:0:
320,192,93938,1,0,0:0:0:0:
320,192,94073,1,0,0:0:0:0:
192,192,94140,1,0,0:0:0:0:
320,192,94208,1,0,0:0:0:0:
448,192,94275,1,0,0:0:0:0:
320,192,94343,1,0,0:0:0:0:
448,192,94478,1,0,0:0:0:0:
64,192,94478,1,8,0:0:0:0:
192,192,94478,1,0,0:0:0:0:
320,192,94478,1,0,0:0:0:0:
192,192,94613,1,0,0:0:0:0:
320,192,94680,1,0,0:0:0:0:
192,192,94748,1,0,0:0:0:0:
64,192,94815,1,0,0:0:0:0:
192,192,94883,1,0,0:0:0:0:
448,192,95018,1,0,0:0:0:0:
64,192,95018,1,8,0:0:0:0:
192,192,95018,1,0,0:0:0:0:
320,192,95018,1,0,0:0:0:0:
192,192,95153,1,8,0:0:0:0:
64,192,95153,1,0,0:0:0:0:
320,192,95220,1,0,0:0:0:0:
448,192,95288,1,8,0:0:0:0:
320,192,95288,1,0,0:0:0:0:
320,192,95355,1,0,0:0:0:0:
192,192,95423,1,8,0:0:0:0:
64,192,95423,1,0,0:0:0:0:
320,192,95558,1,0,0:0:0:0:
448,192,95558,1,8,0:0:0:0:
64,192,95558,1,0,0:0:0:0:
192,192,95558,1,0,0:0:0:0:
448,192,95693,1,0,0:0:0:0:
320,192,95693,1,8,0:0:0:0:
192,192,95760,1,0,0:0:0:0:
192,192,95828,1,0,0:0:0:0:
64,192,95828,1,8,0:0:0:0:
192,192,95895,1,0,0:0:0:0:
448,192,95963,1,0,0:0:0:0:
320,192,95963,1,8,0:0:0:0:
64,192,96098,1,0,0:0:0:0:
192,192,96098,1,8,0:0:0:0:
320,192,96098,1,0,0:0:0:0:
448,192,96098,1,0,0:0:0:0:
320,192,96165,1,0,0:0:0:0:
192,192,96233,1,8,0:0:0:0:
320,192,96233,1,0,0:0:0:0:
320,192,96300,1,0,0:0:0:0:
192,192,96368,1,8,0:0:0:0:
448,192,96368,1,0,0:0:0:0:
320,192,96368,1,0,0:0:0:0:
64,192,96368,1,0,0:0:0:0:
192,192,96435,1,8,0:0:0:0:
320,192,96435,1,0,0:0:0:0:
320,192,96503,1,0,0:0:0:0:
192,192,96503,1,8,0:0:0:0:
192,192,96570,1,8,0:0:0:0:
320,192,96570,1,0,0:0:0:0:
192,192,96638,1,8,0:0:0:0:
320,192,96638,1,0,0:0:0:0:
64,192,96638,1,0,0:0:0:0:
448,192,96638,1,0,0:0:0:0:
64,192,96705,1,0,0:0:0:0:
448,192,96705,1,0,0:0:0:0:
192,192,96705,1,8,0:0:0:0:
320,192,96705,1,0,0:0:0:0:
192,192,96773,1,8,0:0:0:0:
320,192,96773,1,0,0:0:0:0:
64,192,96773,1,0,0:0:0:0:
448,192,96773,1,0,0:0:0:0:
64,192,96840,1,0,0:0:0:0:
448,192,96840,1,0,0:0:0:0:
192,192,96840,1,8,0:0:0:0:
320,192,96840,1,0,0:0:0:0:
192,192,96908,1,8,0:0:0:0:
320,192,96908,1,0,0:0:0:0:
64,192,96908,1,0,0:0:0:0:
448,192,96908,1,0,0:0:0:0:
64,192,96975,1,0,0:0:0:0:
448,192,96975,1,0,0:0:0:0:
192,192,96975,1,8,0:0:0:0:
320,192,96975,1,0,0:0:0:0:
192,192,97043,1,8,0:0:0:0:
320,192,97043,1,0,0:0:0:0:
64,192,97043,1,0,0:0:0:0:
448,192,97043,1,0,0:0:0:0:
64,192,97110,1,0,0:0:0:0:
448,192,97110,1,0,0:0:0:0:
192,192,97110,1,8,0:0:0:0:
320,192,97110,1,0,0:0:0:0:
64,192,97178,128,0,97920:0:0:0:0:
192,192,97178,128,0,97920:0:0:0:0:
320,192,97178,128,0,97920:0:0:0:0:
448,192,97178,128,0,97920:0:0:0:0:
64,192,97988,1,8,0:0:0:0:
192,192,97988,1,0,0:0:0:0:
320,192,97988,1,0,0:0:0:0:
448,192,97988,1,0,0:0:0:0:
320,192,98258,5,0,0:0:0:0:
448,192,98258,1,8,0:0:0:0:
192,192,98325,1,0,0:0:0:0:
64,192,98393,1,0,0:0:0:0:
320,192,98460,1,0,0:0:0:0:
448,192,98460,1,8,0:0:0:0:
192,192,98528,1,0,0:0:0:0:
64,192,98595,1,0,0:0:0:0:
448,192,98663,1,8,0:0:0:0:
320,192,98663,1,0,0:0:0:0:
192,192,98730,1,8,0:0:0:0:
64,192,98730,1,0,0:0:0:0:
320,192,98798,1,0,0:0:0:0:
448,192,98798,1,8,0:0:0:0:
64,192,98865,1,0,0:0:0:0:
192,192,98933,1,0,0:0:0:0:
320,192,99000,1,0,0:0:0:0:
320,192,99068,1,0,0:0:0:0:
448,192,99068,1,8,0:0:0:0:
192,192,99135,1,0,0:0:0:0:
320,192,99203,1,0,0:0:0:0:
448,192,99203,1,8,0:0:0:0:
64,192,99270,1,0,0:0:0:0:
192,192,99338,1,8,0:0:0:0:
64,192,99338,1,0,0:0:0:0:
320,192,99405,1,0,0:0:0:0:
448,192,99473,1,0,0:0:0:0:
192,192,99540,1,8,0:0:0:0:
64,192,99540,1,0,0:0:0:0:
320,192,99608,1,0,0:0:0:0:
448,192,99675,1,0,0:0:0:0:
64,192,99743,1,0,0:0:0:0:
192,192,99743,1,8,0:0:0:0:
320,192,99810,1,8,0:0:0:0:
448,192,99810,1,0,0:0:0:0:
192,192,99878,1,8,0:0:0:0:
64,192,99878,1,0,0:0:0:0:
448,192,99945,1,0,0:0:0:0:
320,192,100013,1,0,0:0:0:0:
192,192,100080,1,0,0:0:0:0:
192,192,100148,1,8,0:0:0:0:
64,192,100148,1,0,0:0:0:0:
320,192,100215,1,0,0:0:0:0:
192,192,100283,1,8,0:0:0:0:
64,192,100283,1,0,0:0:0:0:
448,192,100350,1,0,0:0:0:0:
320,192,100418,1,0,0:0:0:0:
192,192,100418,1,8,0:0:0:0:
448,192,100485,1,0,0:0:0:0:
64,192,100553,1,0,0:0:0:0:
192,192,100620,1,0,0:0:0:0:
320,192,100620,1,8,0:0:0:0:
448,192,100688,1,0,0:0:0:0:
64,192,100755,1,0,0:0:0:0:
192,192,100823,1,0,0:0:0:0:
320,192,100823,1,8,0:0:0:0:
448,192,100890,1,0,0:0:0:0:
320,192,100958,1,8,0:0:0:0:
192,192,100958,1,0,0:0:0:0:
64,192,101025,1,0,0:0:0:0:
448,192,101093,1,0,0:0:0:0:
320,192,101160,1,0,0:0:0:0:
192,192,101228,1,0,0:0:0:0:
64,192,101228,1,8,0:0:0:0:
64,192,101295,1,0,0:0:0:0:
320,192,101363,1,8,0:0:0:0:
448,192,101363,1,0,0:0:0:0:
320,192,101430,1,0,0:0:0:0:
192,192,101498,1,0,0:0:0:0:
64,192,101498,1,8,0:0:0:0:
320,192,101565,1,0,0:0:0:0:
448,192,101633,1,0,0:0:0:0:
64,192,101700,1,0,0:0:0:0:
320,192,101768,1,0,0:0:0:0:
448,192,101768,1,8,0:0:0:0:
320,192,101835,1,0,0:0:0:0:
64,192,101903,1,0,0:0:0:0:
192,192,101903,1,8,0:0:0:0:
64,192,101970,1,0,0:0:0:0:
64,192,102038,1,0,0:0:0:0:
192,192,102038,1,8,0:0:0:0:
320,192,102038,1,0,0:0:0:0:
320,192,102105,1,0,0:0:0:0:
448,192,102173,1,8,0:0:0:0:
320,192,102173,1,0,0:0:0:0:
192,192,102173,1,0,0:0:0:0:
64,192,102240,1,0,0:0:0:0:
192,192,102308,1,8,0:0:0:0:
64,192,102308,1,0,0:0:0:0:
320,192,102308,1,0,0:0:0:0:
448,192,102308,1,0,0:0:0:0:
320,192,102375,1,0,0:0:0:0:
64,192,102443,1,0,0:0:0:0:
192,192,102443,1,0,0:0:0:0:
320,192,102443,1,0,0:0:0:0:
448,192,102443,1,8,0:0:0:0:
320,192,102510,1,0,0:0:0:0:
192,192,102578,1,8,0:0:0:0:
64,192,102578,1,0,0:0:0:0:
320,192,102645,1,0,0:0:0:0:
448,192,102713,1,0,0:0:0:0:
64,192,102780,1,0,0:0:0:0:
192,192,102780,1,8,0:0:0:0:
320,192,102848,1,0,0:0:0:0:
448,192,102915,1,0,0:0:0:0:
192,192,102983,1,8,0:0:0:0:
64,192,102983,1,0,0:0:0:0:
320,192,103050,1,0,0:0:0:0:
448,192,103118,1,8,0:0:0:0:
320,192,103118,1,0,0:0:0:0:
192,192,103185,1,0,0:0:0:0:
448,192,103253,1,8,0:0:0:0:
320,192,103253,1,0,0:0:0:0:
192,192,103320,1,0,0:0:0:0:
320,192,103388,1,8,0:0:0:0:
192,192,103388,1,0,0:0:0:0:
64,192,103455,1,0,0:0:0:0:
320,192,103523,1,8,0:0:0:0:
192,192,103523,1,0,0:0:0:0:
64,192,103590,1,0,0:0:0:0:
64,192,103658,1,8,0:0:0:0:
192,192,103658,1,0,0:0:0:0:
320,192,103658,1,0,0:0:0:0:
448,192,103725,1,0,0:0:0:0:
192,192,103793,1,0,0:0:0:0:
64,192,103793,1,8,0:0:0:0:
320,192,103793,1,0,0:0:0:0:
448,192,103860,1,0,0:0:0:0:
192,192,103928,1,8,0:0:0:0:
320,192,103928,1,0,0:0:0:0:
448,192,103928,1,0,0:0:0:0:
64,192,103995,1,0,0:0:0:0:
192,192,104063,1,8,0:0:0:0:
320,192,104063,1,0,0:0:0:0:
448,192,104063,1,0,0:0:0:0:
64,192,104130,1,0,0:0:0:0:
64,192,104198,1,8,0:0:0:0:
320,192,104198,1,0,0:0:0:0:
192,192,104198,1,0,0:0:0:0:
192,192,104265,1,0,0:0:0:0:
64,192,104333,1,8,0:0:0:0:
320,192,104333,1,0,0:0:0:0:
192,192,104333,1,0,0:0:0:0:
192,192,104400,1,0,0:0:0:0:
448,192,104468,1,8,0:0:0:0:
320,192,104468,1,0,0:0:0:0:
320,192,104535,1,0,0:0:0:0:
448,192,104603,1,8,0:0:0:0:
320,192,104603,1,0,0:0:0:0:
320,192,104670,1,0,0:0:0:0:
64,192,104738,1,0,0:0:0:0:
320,192,104805,1,0,0:0:0:0:
64,192,104873,1,0,0:0:0:0:
320,192,104940,1,0,0:0:0:0:
192,192,105008,1,0,0:0:0:0:
64,192,105008,1,8,0:0:0:0:
448,192,105075,1,0,0:0:0:0:
320,192,105075,1,8,0:0:0:0:
192,192,105143,1,0,0:0:0:0:
64,192,105143,1,8,0:0:0:0:
448,192,105210,1,0,0:0:0:0:
320,192,105210,1,8,0:0:0:0:
192,192,105278,1,0,0:0:0:0:
448,192,105345,1,0,0:0:0:0:
192,192,105413,1,0,0:0:0:0:
448,192,105480,1,0,0:0:0:0:
64,192,105548,1,0,0:0:0:0:
192,192,105548,1,8,0:0:0:0:
320,192,105615,1,0,0:0:0:0:
448,192,105615,1,8,0:0:0:0:
64,192,105683,1,0,0:0:0:0:
192,192,105683,1,8,0:0:0:0:
320,192,105750,1,8,0:0:0:0:
448,192,105750,1,0,0:0:0:0:
64,192,105818,1,0,0:0:0:0:
192,192,105818,1,0,0:0:0:0:
320,192,105885,1,0,0:0:0:0:
448,192,105953,1,0,0:0:0:0:
320,192,106020,1,0,0:0:0:0:
64,192,106088,1,8,0:0:0:0:
192,192,106088,1,0,0:0:0:0:
320,192,106088,1,0,0:0:0:0:
448,192,106088,1,0,0:0:0:0:
448,192,106223,1,0,0:0:0:0:
320,192,106256,1,0,0:0:0:0:
192,192,106290,1,0,0:0:0:0:
64,192,106324,1,0,0:0:0:0:
64,192,106358,1,8,0:0:0:0:
192,192,106358,1,0,0:0:0:0:
320,192,106358,1,0,0:0:0:0:
448,192,106358,1,0,0:0:0:0:
64,192,106493,1,0,0:0:0:0:
192,192,106526,1,0,0:0:0:0:
320,192,106560,1,0,0:0:0:0:
448,192,106594,1,0,0:0:0:0:
320,192,106628,1,0,0:0:0:0:
192,192,106628,1,0,0:0:0:0:
448,192,106628,1,0,0:0:0:0:
64,192,106628,1,8,0:0:0:0:
64,192,106763,1,0,0:0:0:0:
320,192,106898,1,0,0:0:0:0:
448,192,106898,1,8,0:0:0:0:
192,192,106965,1,0,0:0:0:0:
320,192,107033,1,0,0:0:0:0:
448,192,107033,1,8,0:0:0:0:
192,192,107100,1,0,0:0:0:0:
320,192,107168,1,8,0:0:0:0:
192,192,107168,1,0,0:0:0:0:
64,192,107235,1,0,0:0:0:0:
192,192,107303,1,0,0:0:0:0:
320,192,107303,1,8,0:0:0:0:
64,192,107370,1,0,0:0:0:0:
320,192,107438,1,0,0:0:0:0:
192,192,107438,1,0,0:0:0:0:
64,192,107438,1,8,0:0:0:0:
448,192,107505,1,0,0:0:0:0:
192,192,107573,1,0,0:0:0:0:
320,192,107573,1,0,0:0:0:0:
64,192,107573,1,8,0:0:0:0:
448,192,107640,1,0,0:0:0:0:
192,192,107708,1,0,0:0:0:0:
448,192,107708,1,8,0:0:0:0:
320,192,107708,1,0,0:0:0:0:
64,192,107775,1,0,0:0:0:0:
192,192,107843,1,0,0:0:0:0:
320,192,107843,1,0,0:0:0:0:
448,192,107843,1,8,0:0:0:0:
64,192,107910,1,0,0:0:0:0:
320,192,107978,1,0,0:0:0:0:
448,192,107978,1,8,0:0:0:0:
192,192,108068,1,0,0:0:0:0:
320,192,108068,1,8,0:0:0:0:
64,192,108158,1,0,0:0:0:0:
192,192,108158,1,8,0:0:0:0:
448,192,108248,1,0,0:0:0:0:
64,192,108248,1,0,0:0:0:0:
320,192,108383,1,0,0:0:0:0:
64,192,108518,1,8,0:0:0:0:
192,192,108518,1,0,0:0:0:0:
320,192,108518,1,0,0:0:0:0:
192,192,108534,1,0,0:0:0:0:
320,192,108551,1,0,0:0:0:0:
448,192,108568,1,0,0:0:0:0:
448,192,108720,1,8,0:0:0:0:
192,192,108720,1,0,0:0:0:0:
320,192,108720,1,0,0:0:0:0:
320,192,108737,1,0,0:0:0:0:
192,192,108754,1,0,0:0:0:0:
64,192,108771,1,0,0:0:0:0:
64,192,108923,1,8,0:0:0:0:
320,192,108923,1,0,0:0:0:0:
192,192,108923,1,0,0:0:0:0:
192,192,108939,1,0,0:0:0:0:
320,192,108956,1,0,0:0:0:0:
448,192,108973,1,0,0:0:0:0:
64,192,109058,1,8,0:0:0:0:
192,192,109058,1,0,0:0:0:0:
320,192,109125,1,0,0:0:0:0:
192,192,109193,1,0,0:0:0:0:
64,192,109193,1,8,0:0:0:0:
320,192,109260,1,0,0:0:0:0:
192,192,109328,1,8,0:0:0:0:
320,192,109328,1,0,0:0:0:0:
64,192,109328,1,0,0:0:0:0:
448,192,109395,1,0,0:0:0:0:
192,192,109463,1,8,0:0:0:0:
320,192,109463,1,0,0:0:0:0:
64,192,109463,1,0,0:0:0:0:
448,192,109530,1,0,0:0:0:0:
320,192,109598,1,8,0:0:0:0:
448,192,109598,1,0,0:0:0:0:
192,192,109665,1,0,0:0:0:0:
320,192,109733,1,8,0:0:0:0:
448,192,109733,1,0,0:0:0:0:
192,192,109800,1,0,0:0:0:0:
192,192,109868,1,8,0:0:0:0:
320,192,109868,1,0,0:0:0:0:
448,192,109868,1,0,0:0:0:0:
64,192,109935,1,0,0:0:0:0:
192,192,110003,1,8,0:0:0:0:
320,192,110003,1,0,0:0:0:0:
448,192,110003,1,0,0:0:0:0:
64,192,110070,1,0,0:0:0:0:
448,192,110138,1,8,0:0:0:0:
320,192,110138,1,0,0:0:0:0:
192,192,110138,1,0,0:0:0:0:
64,192,110138,1,0,0:0:0:0:
320,192,110205,1,0,0:0:0:0:
192,192,110273,1,0,0:0:0:0:
64,192,110340,1,0,0:0:0:0:
448,192,110408,1,8,0:0:0:0:
320,192,110408,1,0,0:0:0:0:
192,192,110408,1,0,0:0:0:0:
64,192,110408,1,0,0:0:0:0:
320,192,110475,1,0,0:0:0:0:
192,192,110543,1,0,0:0:0:0:
64,192,110610,1,0,0:0:0:0:
448,192,110678,1,8,0:0:0:0:
320,192,110678,1,0,0:0:0:0:
192,192,110678,1,0,0:0:0:0:
64,192,110678,1,0,0:0:0:0:
320,192,110745,1,0,0:0:0:0:
192,192,110813,1,0,0:0:0:0:
64,192,110880,1,0,0:0:0:0:
448,192,110948,1,8,0:0:0:0:
320,192,110948,1,0,0:0:0:0:
192,192,110948,1,0,0:0:0:0:
64,192,110948,1,0,0:0:0:0:
320,192,111015,1,0,0:0:0:0:
192,192,111083,1,0,0:0:0:0:
64,192,111150,1,0,0:0:0:0:
448,192,111218,1,0,0:0:0:0:
64,192,111218,1,0,0:0:0:0:
192,192,111285,1,0,0:0:0:0:
320,192,111353,1,0,0:0:0:0:
448,192,111420,1,0,0:0:0:0:
64,192,111420,1,0,0:0:0:0:
320,192,111488,1,0,0:0:0:0:
192,192,111555,1,0,0:0:0:0:
64,192,111623,1,0,0:0:0:0:
448,192,111623,1,0,0:0:0:0:
192,192,111690,1,0,0:0:0:0:
320,192,111758,1,0,0:0:0:0:
448,192,111758,1,0,0:0:0:0:
192,192,111825,1,0,0:0:0:0:
64,192,111893,1,0,0:0:0:0:
448,192,111960,1,0,0:0:0:0:
320,192,112028,1,0,0:0:0:0:
64,192,112028,1,0,0:0:0:0:
192,192,112095,1,0,0:0:0:0:
448,192,112163,1,0,0:0:0:0:
320,192,112163,1,0,0:0:0:0:
192,192,112230,1,0,0:0:0:0:
64,192,112298,1,0,0:0:0:0:
448,192,112298,1,0,0:0:0:0:
320,192,112298,1,8,0:0:0:0:
192,192,112365,1,0,0:0:0:0:
320,192,112433,1,0,0:0:0:0:
448,192,112500,1,0,0:0:0:0:
192,192,112568,1,0,0:0:0:0:
64,192,112568,1,0,0:0:0:0:
448,192,112635,1,0,0:0:0:0:
320,192,112703,1,0,0:0:0:0:
192,192,112770,1,0,0:0:0:0:
64,192,112838,1,0,0:0:0:0:
448,192,112838,1,0,0:0:0:0:
192,192,112838,1,8,0:0:0:0:
320,192,112905,1,0,0:0:0:0:
192,192,112973,1,0,0:0:0:0:
448,192,113040,1,0,0:0:0:0:
64,192,113040,1,0,0:0:0:0:
320,192,113040,1,8,0:0:0:0:
192,192,113108,1,0,0:0:0:0:
320,192,113175,1,0,0:0:0:0:
448,192,113243,1,0,0:0:0:0:
64,192,113310,1,0,0:0:0:0:
320,192,113378,1,0,0:0:0:0:
448,192,113378,1,8,0:0:0:0:
64,192,113378,1,0,0:0:0:0:
192,192,113378,1,0,0:0:0:0:
320,192,113445,1,0,0:0:0:0:
192,192,113513,1,0,0:0:0:0:
64,192,113580,1,8,0:0:0:0:
192,192,113580,1,0,0:0:0:0:
320,192,113580,1,0,0:0:0:0:
448,192,113580,1,0,0:0:0:0:
320,192,113648,1,0,0:0:0:0:
192,192,113715,1,0,0:0:0:0:
64,192,113783,1,8,0:0:0:0:
192,192,113783,1,0,0:0:0:0:
320,192,113783,1,0,0:0:0:0:
448,192,113783,1,0,0:0:0:0:
192,192,113850,1,0,0:0:0:0:
320,192,113918,1,0,0:0:0:0:
448,192,113918,1,8,0:0:0:0:
192,192,113918,1,0,0:0:0:0:
64,192,113985,1,0,0:0:0:0:
192,192,114053,1,0,0:0:0:0:
320,192,114120,1,0,0:0:0:0:
448,192,114188,1,8,0:0:0:0:
320,192,114188,1,0,0:0:0:0:
192,192,114255,1,0,0:0:0:0:
320,192,114323,1,0,0:0:0:0:
448,192,114323,1,8,0:0:0:0:
192,192,114390,1,0,0:0:0:0:
64,192,114458,1,8,0:0:0:0:
192,192,114458,1,0,0:0:0:0:
320,192,114458,1,0,0:0:0:0:
448,192,114458,1,0,0:0:0:0:
192,192,114525,1,0,0:0:0:0:
320,192,114593,1,0,0:0:0:0:
448,192,114593,1,8,0:0:0:0:
448,192,114660,1,0,0:0:0:0:
64,192,114728,1,8,0:0:0:0:
192,192,114728,1,0,0:0:0:0:
320,192,114728,1,0,0:0:0:0:
448,192,114728,1,0,0:0:0:0:
192,192,114795,1,0,0:0:0:0:
448,192,114863,1,0,0:0:0:0:
320,192,114863,1,8,0:0:0:0:
448,192,114930,1,0,0:0:0:0:
64,192,114998,1,0,0:0:0:0:
192,192,114998,1,0,0:0:0:0:
320,192,114998,1,0,0:0:0:0:
448,192,114998,1,8,0:0:0:0:
320,192,115065,1,0,0:0:0:0:
192,192,115133,1,8,0:0:0:0:
64,192,115133,1,0,0:0:0:0:
64,192,115200,1,0,0:0:0:0:
64,192,115268,1,0,0:0:0:0:
192,192,115268,1,0,0:0:0:0:
448,192,115268,1,8,0:0:0:0:
320,192,115268,1,0,0:0:0:0:
320,192,115335,1,0,0:0:0:0:
64,192,115403,1,0,0:0:0:0:
192,192,115403,1,8,0:0:0:0:
64,192,115470,1,0,0:0:0:0:
320,192,115538,5,0,0:0:0:0:
448,192,115538,1,8,0:0:0:0:
192,192,115605,1,0,0:0:0:0:
64,192,115673,1,0,0:0:0:0:
320,192,115740,1,0,0:0:0:0:
448,192,115740,1,8,0:0:0:0:
192,192,115808,1,0,0:0:0:0:
64,192,115875,1,0,0:0:0:0:
448,192,115943,1,8,0:0:0:0:
320,192,115943,1,0,0:0:0:0:
192,192,116010,1,8,0:0:0:0:
64,192,116010,1,0,0:0:0:0:
320,192,116078,1,0,0:0:0:0:
448,192,116078,1,8,0:0:0:0:
64,192,116145,1,0,0:0:0:0:
192,192,116213,1,0,0:0:0:0:
320,192,116280,1,0,0:0:0:0:
320,192,116348,1,0,0:0:0:0:
448,192,116348,1,8,0:0:0:0:
192,192,116415,1,0,0:0:0:0:
320,192,116483,1,0,0:0:0:0:
448,192,116483,1,8,0:0:0:0:
64,192,116550,1,0,0:0:0:0:
192,192,116618,1,8,0:0:0:0:
64,192,116618,1,0,0:0:0:0:
320,192,116685,1,0,0:0:0:0:
448,192,116753,1,0,0:0:0:0:
192,192,116820,1,8,0:0:0:0:
64,192,116820,1,0,0:0:0:0:
320,192,116888,1,0,0:0:0:0:
448,192,116955,1,0,0:0:0:0:
64,192,117023,1,0,0:0:0:0:
192,192,117023,1,8,0:0:0:0:
320,192,117090,1,8,0:0:0:0:
448,192,117090,1,0,0:0:0:0:
192,192,117158,1,8,0:0:0:0:
64,192,117158,1,0,0:0:0:0:
448,192,117225,1,0,0:0:0:0:
320,192,117293,1,0,0:0:0:0:
192,192,117360,1,0,0:0:0:0:
192,192,117428,1,8,0:0:0:0:
64,192,117428,1,0,0:0:0:0:
320,192,117495,1,0,0:0:0:0:
192,192,117563,1,8,0:0:0:0:
64,192,117563,1,0,0:0:0:0:
448,192,117630,1,0,0:0:0:0:
320,192,117698,1,0,0:0:0:0:
192,192,117698,1,8,0:0:0:0:
448,192,117765,1,0,0:0:0:0:
64,192,117833,1,0,0:0:0:0:
192,192,117900,1,0,0:0:0:0:
320,192,117900,1,8,0:0:0:0:
448,192,117968,1,0,0:0:0:0:
64,192,118035,1,0,0:0:0:0:
192,192,118103,1,0,0:0:0:0:
320,192,118103,1,8,0:0:0:0:
448,192,118170,1,0,0:0:0:0:
320,192,118238,1,8,0:0:0:0:
192,192,118238,1,0,0:0:0:0:
64,192,118305,1,0,0:0:0:0:
448,192,118373,1,0,0:0:0:0:
320,192,118440,1,0,0:0:0:0:
192,192,118508,1,0,0:0:0:0:
64,192,118508,1,8,0:0:0:0:
64,192,118575,1,0,0:0:0:0:
320,192,118643,1,8,0:0:0:0:
448,192,118643,1,0,0:0:0:0:
320,192,118710,1,0,0:0:0:0:
192,192,118778,1,0,0:0:0:0:
64,192,118778,1,8,0:0:0:0:
320,192,118845,1,0,0:0:0:0:
448,192,118913,1,0,0:0:0:0:
64,192,118980,1,0,0:0:0:0:
320,192,119048,1,0,0:0:0:0:
448,192,119048,1,8,0:0:0:0:
320,192,119115,1,0,0:0:0:0:
64,192,119183,1,0,0:0:0:0:
192,192,119183,1,8,0:0:0:0:
64,192,119250,1,0,0:0:0:0:
64,192,119318,1,0,0:0:0:0:
192,192,119318,1,8,0:0:0:0:
320,192,119318,1,0,0:0:0:0:
320,192,119385,1,0,0:0:0:0:
448,192,119453,1,8,0:0:0:0:
320,192,119453,1,0,0:0:0:0:
192,192,119453,1,0,0:0:0:0:
64,192,119520,1,0,0:0:0:0:
192,192,119588,1,8,0:0:0:0:
64,192,119588,1,0,0:0:0:0:
320,192,119588,1,0,0:0:0:0:
448,192,119588,1,0,0:0:0:0:
320,192,119655,1,0,0:0:0:0:
64,192,119723,1,0,0:0:0:0:
192,192,119723,1,0,0:0:0:0:
320,192,119723,1,0,0:0:0:0:
448,192,119723,1,8,0:0:0:0:
320,192,119790,1,0,0:0:0:0:
192,192,119858,1,8,0:0:0:0:
64,192,119858,1,0,0:0:0:0:
320,192,119925,1,0,0:0:0:0:
448,192,119993,1,0,0:0:0:0:
64,192,120060,1,0,0:0:0:0:
192,192,120060,1,8,0:0:0:0:
320,192,120128,1,0,0:0:0:0:
448,192,120195,1,0,0:0:0:0:
192,192,120263,1,8,0:0:0:0:
64,192,120263,1,0,0:0:0:0:
320,192,120330,1,0,0:0:0:0:
448,192,120398,1,8,0:0:0:0:
320,192,120398,1,0,0:0:0:0:
192,192,120465,1,0,0:0:0:0:
448,192,120533,1,8,0:0:0:0:
320,192,120533,1,0,0:0:0:0:
192,192,120600,1,0,0:0:0:0:
320,192,120668,1,8,0:0:0:0:
192,192,120668,1,0,0:0:0:0:
64,192,120735,1,0,0:0:0:0:
320,192,120803,1,8,0:0:0:0:
192,192,120803,1,0,0:0:0:0:
64,192,120870,1,0,0:0:0:0:
64,192,120938,1,8,0:0:0:0:
192,192,120938,1,0,0:0:0:0:
320,192,120938,1,0,0:0:0:0:
320,192,121005,1,0,0:0:0:0:
192,192,121073,1,0,0:0:0:0:
64,192,121073,1,8,0:0:0:0:
320,192,121073,1,0,0:0:0:0:
320,192,121140,1,0,0:0:0:0:
192,192,121208,1,8,0:0:0:0:
320,192,121208,1,0,0:0:0:0:
448,192,121208,1,0,0:0:0:0:
192,192,121275,1,0,0:0:0:0:
192,192,121343,1,8,0:0:0:0:
320,192,121343,1,0,0:0:0:0:
448,192,121343,1,0,0:0:0:0:
192,192,121410,1,0,0:0:0:0:
64,192,121478,1,8,0:0:0:0:
320,192,121478,1,0,0:0:0:0:
192,192,121478,1,0,0:0:0:0:
64,192,121545,1,0,0:0:0:0:
64,192,121613,1,8,0:0:0:0:
320,192,121613,1,0,0:0:0:0:
192,192,121613,1,0,0:0:0:0:
64,192,121680,1,0,0:0:0:0:
448,192,121748,1,8,0:0:0:0:
320,192,121748,1,0,0:0:0:0:
448,192,121815,1,0,0:0:0:0:
448,192,121883,1,8,0:0:0:0:
320,192,121883,1,0,0:0:0:0:
448,192,121950,1,0,0:0:0:0:
64,192,122018,1,8,0:0:0:0:
192,192,122018,1,0,0:0:0:0:
320,192,122085,1,8,0:0:0:0:
448,192,122085,1,0,0:0:0:0:
64,192,122153,1,8,0:0:0:0:
192,192,122153,1,0,0:0:0:0:
320,192,122220,1,8,0:0:0:0:
448,192,122220,1,0,0:0:0:0:
192,192,122288,1,0,0:0:0:0:
320,192,122355,1,0,0:0:0:0:
192,192,122423,1,0,0:0:0:0:
320,192,122490,1,0,0:0:0:0:
64,192,122558,1,8,0:0:0:0:
192,192,122558,1,0,0:0:0:0:
192,192,122625,1,8,0:0:0:0:
320,192,122625,1,0,0:0:0:0:
448,192,122693,1,0,0:0:0:0:
320,192,122693,1,8,0:0:0:0:
320,192,122760,1,0,0:0:0:0:
192,192,122760,1,8,0:0:0:0:
64,192,122828,1,0,0:0:0:0:
192,192,122895,1,0,0:0:0:0:
320,192,122963,1,0,0:0:0:0:
448,192,123030,1,0,0:0:0:0:
64,192,123098,1,0,0:0:0:0:
192,192,123098,1,0,0:0:0:0:
320,192,123165,1,0,0:0:0:0:
448,192,123233,1,0,0:0:0:0:
320,192,123300,1,0,0:0:0:0:
64,192,123368,1,8,0:0:0:0:
192,192,123368,1,0,0:0:0:0:
320,192,123368,1,0,0:0:0:0:
448,192,123368,1,0,0:0:0:0:
448,192,123503,1,0,0:0:0:0:
320,192,123536,1,0,0:0:0:0:
192,192,123570,1,0,0:0:0:0:
64,192,123604,1,0,0:0:0:0:
64,192,123638,1,8,0:0:0:0:
192,192,123638,1,0,0:0:0:0:
320,192,123638,1,0,0:0:0:0:
448,192,123638,1,0,0:0:0:0:
64,192,123773,1,0,0:0:0:0:
192,192,123806,1,0,0:0:0:0:
320,192,123840,1,0,0:0:0:0:
448,192,123874,1,0,0:0:0:0:
320,192,123908,1,0,0:0:0:0:
192,192,123908,1,0,0:0:0:0:
448,192,123908,1,0,0:0:0:0:
64,192,123908,1,8,0:0:0:0:
64,192,124043,1,0,0:0:0:0:
320,192,124178,1,0,0:0:0:0:
448,192,124178,1,8,0:0:0:0:
192,192,124245,1,0,0:0:0:0:
320,192,124313,1,0,0:0:0:0:
448,192,124313,1,8,0:0:0:0:
192,192,124380,1,0,0:0:0:0:
320,192,124448,1,8,0:0:0:0:
192,192,124448,1,0,0:0:0:0:
64,192,124515,1,0,0:0:0:0:
192,192,124583,1,0,0:0:0:0:
320,192,124583,1,8,0:0:0:0:
64,192,124650,1,0,0:0:0:0:
320,192,124718,1,0,0:0:0:0:
192,192,124718,1,0,0:0:0:0:
64,192,124718,1,8,0:0:0:0:
448,192,124785,1,0,0:0:0:0:
192,192,124853,1,0,0:0:0:0:
320,192,124853,1,0,0:0:0:0:
64,192,124853,1,8,0:0:0:0:
448,192,124920,1,0,0:0:0:0:
192,192,124988,1,0,0:0:0:0:
448,192,124988,1,8,0:0:0:0:
320,192,124988,1,0,0:0:0:0:
64,192,125055,1,0,0:0:0:0:
192,192,125123,1,0,0:0:0:0:
320,192,125123,1,0,0:0:0:0:
448,192,125123,1,8,0:0:0:0:
64,192,125190,1,0,0:0:0:0:
320,192,125258,1,0,0:0:0:0:
448,192,125258,1,8,0:0:0:0:
192,192,125348,1,0,0:0:0:0:
320,192,125348,1,8,0:0:0:0:
64,192,125438,1,0,0:0:0:0:
192,192,125438,1,8,0:0:0:0:
448,192,125528,1,0,0:0:0:0:
64,192,125528,1,0,0:0:0:0:
320,192,125663,1,0,0:0:0:0:
64,192,125798,1,8,0:0:0:0:
192,192,125798,1,0,0:0:0:0:
320,192,125798,1,0,0:0:0:0:
192,192,125814,1,0,0:0:0:0:
320,192,125831,1,0,0:0:0:0:
448,192,125848,1,0,0:0:0:0:
448,192,126000,1,8,0:0:0:0:
192,192,126000,1,0,0:0:0:0:
320,192,126000,1,0,0:0:0:0:
320,192,126017,1,0,0:0:0:0:
192,192,126034,1,0,0:0:0:0:
64,192,126051,1,0,0:0:0:0:
64,192,126203,1,8,0:0:0:0:
320,192,126203,1,0,0:0:0:0:
192,192,126203,1,0,0:0:0:0:
192,192,126219,1,0,0:0:0:0:
320,192,126236,1,0,0:0:0:0:
448,192,126253,1,0,0:0:0:0:
64,192,126338,1,8,0:0:0:0:
192,192,126338,1,0,0:0:0:0:
320,192,126405,1,0,0:0:0:0:
192,192,126473,1,0,0:0:0:0:
64,192,126473,1,8,0:0:0:0:
320,192,126540,1,0,0:0:0:0:
192,192,126608,1,8,0:0:0:0:
320,192,126608,1,0,0:0:0:0:
64,192,126608,1,0,0:0:0:0:
448,192,126675,1,0,0:0:0:0:
192,192,126743,1,8,0:0:0:0:
320,192,126743,1,0,0:0:0:0:
64,192,126743,1,0,0:0:0:0:
448,192,126810,1,0,0:0:0:0:
320,192,126878,1,8,0:0:0:0:
448,192,126878,1,0,0:0:0:0:
192,192,126945,1,0,0:0:0:0:
320,192,127013,1,8,0:0:0:0:
448,192,127013,1,0,0:0:0:0:
192,192,127080,1,0,0:0:0:0:
192,192,127148,1,8,0:0:0:0:
320,192,127148,1,0,0:0:0:0:
448,192,127148,1,0,0:0:0:0:
64,192,127215,1,0,0:0:0:0:
192,192,127283,1,8,0:0:0:0:
320,192,127283,1,0,0:0:0:0:
448,192,127283,1,0,0:0:0:0:
64,192,127350,1,0,0:0:0:0:
448,192,127418,1,8,0:0:0:0:
320,192,127418,1,0,0:0:0:0:
192,192,127418,1,0,0:0:0:0:
64,192,127418,1,0,0:0:0:0:
320,192,127485,1,0,0:0:0:0:
192,192,127553,1,0,0:0:0:0:
64,192,127620,1,0,0:0:0:0:
448,192,127688,1,8,0:0:0:0:
320,192,127688,1,0,0:0:0:0:
192,192,127688,1,0,0:0:0:0:
64,192,127688,1,0,0:0:0:0:
320,192,127755,1,0,0:0:0:0:
192,192,127823,1,0,0:0:0:0:
64,192,127890,1,0,0:0:0:0:
448,192,127958,1,8,0:0:0:0:
320,192,127958,1,0,0:0:0:0:
192,192,127958,1,0,0:0:0:0:
64,192,127958,1,0,0:0:0:0:
320,192,128025,1,0,0:0:0:0:
192,192,128093,1,0,0:0:0:0:
64,192,128160,1,0,0:0:0:0:
448,192,128228,1,8,0:0:0:0:
320,192,128228,1,0,0:0:0:0:
192,192,128228,1,0,0:0:0:0:
64,192,128228,1,0,0:0:0:0:
320,192,128295,1,0,0:0:0:0:
192,192,128363,1,0,0:0:0:0:
64,192,128430,1,0,0:0:0:0:
448,192,128498,1,0,0:0:0:0:
64,192,128498,1,0,0:0:0:0:
192,192,128565,1,8,0:0:0:0:
320,192,128565,1,0,0:0:0:0:
320,192,128633,1,0,0:0:0:0:
192,192,128633,1,8,0:0:0:0:
448,192,128700,1,0,0:0:0:0:
64,192,128700,1,0,0:0:0:0:
320,192,128768,1,0,0:0:0:0:
192,192,128768,1,8,0:0:0:0:
192,192,128835,1,8,0:0:0:0:
320,192,128835,1,0,0:0:0:0:
64,192,128903,1,0,0:0:0:0:
448,192,128903,1,0,0:0:0:0:
192,192,128970,1,8,0:0:0:0:
320,192,128970,1,0,0:0:0:0:
320,192,129038,1,8,0:0:0:0:
448,192,129038,1,0,0:0:0:0:
192,192,129105,1,0,0:0:0:0:
64,192,129173,1,0,0:0:0:0:
448,192,129240,1,0,0:0:0:0:
320,192,129308,1,0,0:0:0:0:
64,192,129308,1,0,0:0:0:0:
192,192,129375,1,0,0:0:0:0:
448,192,129443,1,0,0:0:0:0:
320,192,129443,1,0,0:0:0:0:
192,192,129510,1,0,0:0:0:0:
64,192,129578,1,0,0:0:0:0:
448,192,129578,1,0,0:0:0:0:
320,192,129578,1,8,0:0:0:0:
192,192,129645,1,0,0:0:0:0:
320,192,129713,1,0,0:0:0:0:
448,192,129780,1,0,0:0:0:0:
192,192,129848,1,0,0:0:0:0:
64,192,129848,1,0,0:0:0:0:
448,192,129915,1,0,0:0:0:0:
320,192,129983,1,0,0:0:0:0:
192,192,130050,1,0,0:0:0:0:
64,192,130118,1,0,0:0:0:0:
448,192,130118,1,0,0:0:0:0:
192,192,130118,1,8,0:0:0:0:
320,192,130185,1,0,0:0:0:0:
192,192,130185,1,8,0:0:0:0:
192,192,130253,1,8,0:0:0:0:
320,192,130253,1,0,0:0:0:0:
448,192,130320,1,0,0:0:0:0:
64,192,130320,1,0,0:0:0:0:
320,192,130320,1,8,0:0:0:0:
192,192,130388,1,0,0:0:0:0:
320,192,130455,1,0,0:0:0:0:
448,192,130523,1,0,0:0:0:0:
64,192,130590,1,0,0:0:0:0:
320,192,130658,1,0,0:0:0:0:
448,192,130658,1,8,0:0:0:0:
64,192,130658,1,0,0:0:0:0:
192,192,130658,1,0,0:0:0:0:
320,192,130725,1,0,0:0:0:0:
192,192,130725,1,8,0:0:0:0:
192,192,130793,1,8,0:0:0:0:
320,192,130793,1,0,0:0:0:0:
64,192,130860,1,8,0:0:0:0:
192,192,130860,1,0,0:0:0:0:
320,192,130860,1,0,0:0:0:0:
448,192,130860,1,0,0:0:0:0:
320,192,130928,1,0,0:0:0:0:
192,192,130928,1,8,0:0:0:0:
192,192,130995,1,8,0:0:0:0:
320,192,130995,1,0,0:0:0:0:
64,192,131063,1,8,0:0:0:0:
192,192,131063,1,0,0:0:0:0:
320,192,131063,1,0,0:0:0:0:
448,192,131063,1,0,0:0:0:0:
192,192,131130,1,8,0:0:0:0:
320,192,131130,1,0,0:0:0:0:
320,192,131198,1,0,0:0:0:0:
448,192,131198,1,8,0:0:0:0:
192,192,131198,1,0,0:0:0:0:
64,192,131265,1,0,0:0:0:0:
192,192,131333,1,0,0:0:0:0:
320,192,131400,1,0,0:0:0:0:
448,192,131468,1,8,0:0:0:0:
320,192,131468,1,0,0:0:0:0:
192,192,131535,1,0,0:0:0:0:
320,192,131603,1,0,0:0:0:0:
448,192,131603,1,8,0:0:0:0:
192,192,131670,1,0,0:0:0:0:
64,192,131738,1,8,0:0:0:0:
192,192,131738,1,0,0:0:0:0:
320,192,131738,1,0,0:0:0:0:
448,192,131738,1,0,0:0:0:0:
192,192,131805,1,0,0:0:0:0:
448,192,131873,1,8,0:0:0:0:
320,192,131873,1,0,0:0:0:0:
64,192,131873,1,0,0:0:0:0:
192,192,131873,1,0,0:0:0:0:
320,192,131940,1,0,0:0:0:0:
64,192,132008,1,0,0:0:0:0:
192,192,132008,1,8,0:0:0:0:
320,192,132008,1,0,0:0:0:0:
448,192,132008,1,0,0:0:0:0:
64,192,132075,1,0,0:0:0:0:
64,192,132143,1,0,0:0:0:0:
192,192,132143,1,0,0:0:0:0:
320,192,132143,1,8,0:0:0:0:
448,192,132143,1,0,0:0:0:0:
448,192,132210,1,0,0:0:0:0:
64,192,132278,1,8,0:0:0:0:
192,192,132278,1,0,0:0:0:0:
320,192,132278,1,0,0:0:0:0:
448,192,132278,1,0,0:0:0:0:
192,192,132345,1,0,0:0:0:0:
64,192,132413,1,8,0:0:0:0:
192,192,132413,1,0,0:0:0:0:
448,192,132413,1,0,0:0:0:0:
320,192,132413,1,0,0:0:0:0:
192,192,132480,1,0,0:0:0:0:
64,192,132548,1,0,0:0:0:0:
192,192,132548,1,0,0:0:0:0:
448,192,132548,1,8,0:0:0:0:
320,192,132548,1,0,0:0:0:0:
320,192,132615,1,0,0:0:0:0:
64,192,132683,1,0,0:0:0:0:
320,192,132683,1,0,0:0:0:0:
448,192,132683,1,8,0:0:0:0:
192,192,132683,1,0,0:0:0:0:
320,192,132750,1,0,0:0:0:0:
64,192,132818,1,0,0:0:0:0:
192,192,132818,1,0,0:0:0:0:
320,192,132818,1,0,0:0:0:0:
448,192,132818,1,0,0:0:0:0:
64,192,132953,1,0,0:0:0:0:
64,192,133088,1,8,0:0:0:0:
192,192,133088,1,0,0:0:0:0:
64,192,133223,1,8,0:0:0:0:
192,192,133223,1,0,0:0:0:0:
320,192,133223,1,0,0:0:0:0:
448,192,133358,1,0,0:0:0:0:
192,192,133358,1,0,0:0:0:0:
320,192,133358,1,0,0:0:0:0:
64,192,133358,1,0,0:0:0:0:
448,192,133493,1,0,0:0:0:0:
448,192,133628,1,8,0:0:0:0:
320,192,133628,1,0,0:0:0:0:
192,192,133763,1,0,0:0:0:0:
320,192,133763,1,0,0:0:0:0:
448,192,133763,1,8,0:0:0:0:
64,192,133898,1,0,0:0:0:0:
192,192,133898,1,0,0:0:0:0:
320,192,133898,1,0,0:0:0:0:
448,192,133898,1,0,0:0:0:0:
64,192,134033,1,0,0:0:0:0:
64,192,134168,1,8,0:0:0:0:
192,192,134168,1,0,0:0:0:0:
192,192,134303,1,0,0:0:0:0:
64,192,134303,1,8,0:0:0:0:
320,192,134303,1,0,0:0:0:0:
448,192,134438,1,0,0:0:0:0:
192,192,134438,1,0,0:0:0:0:
320,192,134438,1,0,0:0:0:0:
64,192,134438,1,0,0:0:0:0:
448,192,134573,1,0,0:0:0:0:
448,192,134708,1,8,0:0:0:0:
320,192,134708,1,0,0:0:0:0:
192,192,134843,1,0,0:0:0:0:
448,192,134843,1,8,0:0:0:0:
320,192,134843,1,0,0:0:0:0:
320,192,134978,1,0,0:0:0:0:
448,192,134978,1,0,0:0:0:0:
192,192,134978,1,0,0:0:0:0:
64,192,135045,1,8,0:0:0:0:
192,192,135045,1,0,0:0:0:0:
64,192,135113,1,8,0:0:0:0:
192,192,135113,1,0,0:0:0:0:
192,192,135180,1,0,0:0:0:0:
64,192,135180,1,8,0:0:0:0:
320,192,135248,1,8,0:0:0:0:
192,192,135248,1,0,0:0:0:0:
448,192,135315,1,8,0:0:0:0:
320,192,135315,1,0,0:0:0:0:
320,192,135383,1,0,0:0:0:0:
448,192,135383,1,8,0:0:0:0:
448,192,135450,1,8,0:0:0:0:
320,192,135450,1,0,0:0:0:0:
64,192,135518,1,0,0:0:0:0:
192,192,135518,1,0,0:0:0:0:
320,192,135518,1,0,0:0:0:0:
448,192,135585,1,8,0:0:0:0:
320,192,135585,1,0,0:0:0:0:
64,192,135653,1,0,0:0:0:0:
192,192,135653,1,8,0:0:0:0:
448,192,135720,1,8,0:0:0:0:
320,192,135720,1,0,0:0:0:0:
192,192,135788,1,8,0:0:0:0:
64,192,135788,1,0,0:0:0:0:
448,192,135855,1,8,0:0:0:0:
320,192,135855,1,0,0:0:0:0:
64,192,135923,1,0,0:0:0:0:
192,192,135923,1,8,0:0:0:0:
448,192,135990,1,8,0:0:0:0:
320,192,135990,1,0,0:0:0:0:
64,192,136058,1,8,0:0:0:0:
192,192,136058,1,0,0:0:0:0:
320,192,136058,1,0,0:0:0:0:
448,192,136058,1,0,0:0:0:0:
64,192,136125,1,8,0:0:0:0:
192,192,136125,1,0,0:0:0:0:
320,192,136125,1,0,0:0:0:0:
64,192,136193,1,8,0:0:0:0:
192,192,136193,1,0,0:0:0:0:
64,192,136260,1,0,0:0:0:0:
448,192,136328,1,0,0:0:0:0:
448,192,136395,1,8,0:0:0:0:
320,192,136395,1,0,0:0:0:0:
448,192,136463,1,8,0:0:0:0:
320,192,136463,1,0,0:0:0:0:
192,192,136463,1,0,0:0:0:0:
448,192,136530,1,8,0:0:0:0:
320,192,136530,1,0,0:0:0:0:
192,192,136530,1,0,0:0:0:0:
64,192,136530,1,0,0:0:0:0:
64,192,136598,1,0,0:0:0:0:
192,192,136598,1,0,0:0:0:0:
320,192,136598,1,0,0:0:0:0:
448,192,136598,1,8,0:0:0:0:
64,192,136665,1,0,0:0:0:0:
320,192,136665,1,0,0:0:0:0:
448,192,136665,1,8,0:0:0:0:
192,192,136665,1,0,0:0:0:0:
448,192,136733,1,8,0:0:0:0:
192,192,136733,1,0,0:0:0:0:
64,192,136733,1,0,0:0:0:0:
320,192,136733,1,0,0:0:0:0:
64,192,136800,1,0,0:0:0:0:
320,192,136800,1,0,0:0:0:0:
448,192,136800,1,8,0:0:0:0:
192,192,136800,1,0,0:0:0:0:
448,192,136868,1,8,0:0:0:0:
192,192,136868,1,0,0:0:0:0:
64,192,136868,1,0,0:0:0:0:
320,192,136868,1,0,0:0:0:0:
448,192,136935,1,8,0:0:0:0:
192,192,136935,1,0,0:0:0:0:
64,192,136935,1,0,0:0:0:0:
320,192,136935,1,0,0:0:0:0:
64,192,137003,1,0,0:0:0:0:
320,192,137003,1,0,0:0:0:0:
448,192,137003,1,8,0:0:0:0:
192,192,137003,1,0,0:0:0:0:
64,192,137070,1,0,0:0:0:0:
320,192,137070,1,0,0:0:0:0:
448,192,137070,1,8,0:0:0:0:
192,192,137070,1,0,0:0:0:0:
448,192,137138,1,8,0:0:0:0:
192,192,137138,1,0,0:0:0:0:
64,192,137138,1,0,0:0:0:0:
320,192,137138,1,0,0:0:0:0:
